t # 0
v 0 3
v 1 3
v 2 3
v 3 3
v 4 3
v 5 4
v 6 3
v 7 3
v 8 3
v 9 3
v 10 3
v 11 2
v 12 2
v 13 2
v 14 2
v 15 2
v 16 2
v 17 2
v 18 2
e 0 1 2
e 0 2 2
e 2 3 3
e 2 4 2
e 3 5 2
e 4 6 2
e 5 7 2
e 5 8 2
e 5 9 2
e 6 10 2
e 6 9 3
e 7 11 3
e 8 12 3
e 10 13 2
e 11 14 2
e 11 15 2
e 12 16 2
e 12 15 2
e 14 17 2
e 16 18 2
t # 1
v 0 2
v 1 2
v 2 6
v 3 6
v 4 3
v 5 3
v 6 3
v 7 3
v 8 3
v 9 3
e 0 1 2
e 0 2 2
e 1 3 2
e 2 4 3
e 2 5 3
e 2 6 2
e 3 7 3
e 3 8 3
e 3 9 2
t # 2
v 0 6
v 1 6
v 2 2
v 3 2
v 4 2
v 5 2
v 6 2
v 7 2
v 8 2
v 9 2
v 10 2
v 11 2
v 12 2
v 13 2
v 14 3
v 15 3
v 16 2
v 17 3
v 18 3
v 19 2
e 0 1 2
e 0 2 2
e 1 3 2
e 2 4 5
e 2 5 5
e 3 6 5
e 3 7 5
e 4 8 2
e 4 9 5
e 5 10 5
e 6 11 2
e 6 12 5
e 7 13 5
e 8 14 3
e 8 15 2
e 9 16 5
e 10 16 5
e 11 17 3
e 11 18 2
e 12 19 5
e 13 19 5
t # 3
v 0 6
v 1 6
v 2 2
v 3 2
v 4 2
v 5 2
v 6 2
v 7 2
v 8 2
v 9 2
v 10 2
v 11 2
v 12 2
v 13 2
v 14 5
v 15 5
v 16 2
v 17 2
v 18 2
v 19 3
v 20 2
v 21 3
v 22 2
v 23 2
v 24 2
v 25 2
v 26 2
v 27 2
v 28 2
v 29 2
v 30 2
v 31 2
v 32 2
v 33 2
v 34 2
v 35 2
v 36 2
v 37 2
v 38 2
v 39 2
v 40 2
v 41 2
e 0 1 2
e 0 2 2
e 1 3 2
e 2 4 5
e 2 5 5
e 3 6 5
e 3 7 5
e 4 8 5
e 5 9 5
e 6 10 5
e 7 11 5
e 8 12 5
e 9 12 5
e 10 13 5
e 11 13 5
e 12 14 2
e 13 15 2
e 14 16 2
e 15 17 2
e 16 18 2
e 16 19 3
e 17 20 2
e 17 21 3
e 18 22 2
e 20 23 2
e 22 24 2
e 23 25 2
e 24 26 2
e 25 27 2
e 26 28 2
e 27 29 2
e 28 30 2
e 29 31 2
e 30 32 2
e 31 33 2
e 32 34 2
e 33 35 2
e 34 36 2
e 35 37 2
e 36 38 2
e 37 39 2
e 38 40 2
e 39 41 2
t # 4
v 0 7
v 1 3
v 2 5
v 3 3
v 4 2
v 5 7
v 6 2
v 7 2
v 8 2
v 9 2
v 10 5
v 11 3
v 12 2
v 13 2
v 14 2
v 15 2
v 16 2
v 17 2
v 18 2
v 19 2
v 20 2
v 21 2
v 22 2
v 23 2
v 24 2
v 25 2
v 26 2
v 27 2
v 28 2
v 29 2
v 30 5
v 31 2
v 32 3
v 33 3
v 34 5
v 35 3
v 36 3
e 0 1 2
e 0 2 2
e 0 3 3
e 0 4 2
e 1 5 2
e 2 6 2
e 2 7 2
e 4 8 5
e 4 9 5
e 5 10 2
e 5 11 3
e 5 12 2
e 6 13 2
e 6 14 2
e 7 15 2
e 7 16 2
e 8 17 5
e 9 18 5
e 10 19 2
e 10 20 2
e 12 21 5
e 12 22 5
e 17 23 5
e 18 23 5
e 19 24 2
e 19 25 2
e 20 26 2
e 20 27 2
e 21 28 5
e 22 29 5
e 23 30 2
e 28 31 5
e 29 31 5
e 30 32 3
e 30 33 2
e 31 34 2
e 34 35 3
e 34 36 2
t # 5
v 0 7
v 1 5
v 2 5
v 3 5
v 4 6
v 5 2
v 6 2
v 7 2
v 8 2
v 9 2
v 10 2
v 11 2
v 12 2
v 13 2
v 14 2
v 15 2
v 16 2
v 17 2
v 18 2
v 19 2
v 20 2
v 21 2
v 22 2
v 23 2
v 24 2
v 25 2
v 26 2
v 27 2
v 28 2
v 29 2
v 30 2
v 31 2
v 32 2
v 33 2
v 34 2
v 35 2
v 36 2
v 37 2
v 38 2
v 39 2
v 40 2
e 0 1 2
e 0 2 2
e 0 3 2
e 0 4 3
e 1 5 2
e 2 6 2
e 3 7 2
e 5 8 2
e 6 9 2
e 7 10 2
e 8 11 2
e 9 12 2
e 10 13 2
e 11 14 2
e 12 15 2
e 13 16 2
e 14 17 2
e 15 18 2
e 16 19 2
e 17 20 2
e 18 21 2
e 19 22 2
e 20 23 2
e 21 24 2
e 22 25 2
e 23 26 2
e 24 27 2
e 25 28 2
e 26 29 2
e 27 30 2
e 28 31 2
e 29 32 2
e 30 33 2
e 31 34 2
e 32 35 2
e 33 36 2
e 34 37 2
e 35 38 2
e 36 39 2
e 37 40 2
t # 6
v 0 7
v 1 5
v 2 5
v 3 5
v 4 6
v 5 2
v 6 2
v 7 2
v 8 2
v 9 2
v 10 2
v 11 2
v 12 2
v 13 2
v 14 2
v 15 2
v 16 2
v 17 2
v 18 2
v 19 2
v 20 2
v 21 2
v 22 2
e 0 1 2
e 0 2 2
e 0 3 2
e 0 4 3
e 1 5 2
e 2 6 2
e 3 7 2
e 5 8 2
e 5 9 2
e 6 10 2
e 6 11 2
e 7 12 2
e 7 13 2
e 8 14 2
e 9 15 2
e 10 16 2
e 11 17 2
e 12 18 2
e 13 19 2
e 14 20 2
e 15 20 2
e 16 21 2
e 17 21 2
e 18 22 2
e 19 22 2
t # 7
v 0 6
v 1 2
v 2 5
v 3 6
v 4 2
v 5 2
e 0 1 3
e 1 2 2
e 1 3 2
e 2 4 2
e 3 5 2
e 4 5 2
t # 8
v 0 5
v 1 2
v 2 2
v 3 2
v 4 6
v 5 6
v 6 9
v 7 6
v 8 6
v 9 2
v 10 5
v 11 2
v 12 2
e 0 1 2
e 0 2 2
e 0 3 2
e 3 4 2
e 3 5 3
e 4 6 2
e 5 6 2
e 6 7 2
e 6 8 2
e 7 9 2
e 8 9 3
e 9 10 2
e 10 11 2
e 10 12 2
t # 9
v 0 5
v 1 2
v 2 2
v 3 5
v 4 2
v 5 5
v 6 2
v 7 5
v 8 5
v 9 2
v 10 5
v 11 2
v 12 2
v 13 5
v 14 2
v 15 2
v 16 2
v 17 2
v 18 2
v 19 2
v 20 2
v 21 2
v 22 5
v 23 3
v 24 2
v 25 2
v 26 2
v 27 2
v 28 3
v 29 3
v 30 2
v 31 3
v 32 3
e 0 1 2
e 1 2 5
e 1 3 5
e 2 4 5
e 2 5 5
e 3 6 5
e 4 7 5
e 4 8 5
e 5 9 5
e 6 10 2
e 6 8 5
e 7 11 5
e 9 12 2
e 9 11 5
e 12 13 2
e 13 14 2
e 13 15 2
e 15 16 5
e 15 17 5
e 16 18 5
e 17 19 5
e 18 20 5
e 19 20 5
e 20 21 2
e 21 22 2
e 21 23 3
e 22 24 2
e 24 25 2
e 24 26 2
e 25 27 2
e 26 28 3
e 26 29 2
e 27 30 2
e 30 31 3
e 30 32 2
t # 10
v 0 6
v 1 2
v 2 2
v 3 5
v 4 2
v 5 5
v 6 2
v 7 5
v 8 5
v 9 2
v 10 5
e 0 1 2
e 1 2 5
e 1 3 5
e 2 4 5
e 2 5 5
e 3 6 5
e 4 7 5
e 4 8 5
e 5 9 5
e 6 10 2
e 6 7 5
e 8 9 5
t # 11
v 0 6
v 1 2
v 2 2
v 3 5
v 4 2
v 5 5
v 6 2
v 7 5
v 8 5
v 9 2
e 0 1 2
e 1 2 5
e 1 3 5
e 2 4 5
e 2 5 5
e 3 6 5
e 4 7 5
e 4 8 5
e 5 9 5
e 6 7 5
e 8 9 5
t # 12
v 0 3
v 1 2
v 2 2
v 3 2
v 4 2
v 5 2
v 6 2
v 7 3
v 8 2
v 9 2
v 10 2
v 11 2
v 12 2
v 13 2
v 14 3
v 15 2
v 16 2
v 17 2
v 18 2
v 19 2
v 20 5
v 21 2
v 22 2
v 23 2
v 24 3
v 25 3
v 26 2
v 27 3
v 28 2
e 0 1 2
e 0 2 2
e 2 3 5
e 2 4 5
e 3 5 5
e 3 6 5
e 4 7 2
e 4 8 5
e 5 9 5
e 5 10 5
e 6 11 5
e 6 12 2
e 7 13 2
e 8 14 2
e 8 11 5
e 9 15 2
e 9 16 5
e 10 17 5
e 12 18 2
e 14 19 2
e 15 20 2
e 15 18 2
e 16 21 5
e 17 22 5
e 20 23 2
e 21 24 3
e 21 22 5
e 22 25 2
e 23 26 2
e 23 27 3
e 25 28 2
t # 13
v 0 3
v 1 2
v 2 10
v 3 2
v 4 2
v 5 2
v 6 3
v 7 3
v 8 2
v 9 2
v 10 2
v 11 3
v 12 2
v 13 2
v 14 2
v 15 2
v 16 2
v 17 10
v 18 3
v 19 3
v 20 2
v 21 2
v 22 2
v 23 2
v 24 2
v 25 2
e 0 1 2
e 0 2 2
e 1 3 2
e 1 4 2
e 1 5 2
e 2 6 2
e 2 7 2
e 3 8 2
e 6 9 2
e 7 10 2
e 8 11 2
e 8 12 2
e 9 13 2
e 9 14 2
e 9 15 2
e 10 16 2
e 10 15 2
e 11 17 2
e 17 18 2
e 17 19 2
e 18 20 2
e 19 21 2
e 20 22 2
e 20 23 2
e 20 24 2
e 21 25 2
e 21 24 2
t # 14
v 0 5
v 1 2
v 2 2
v 3 2
v 4 2
v 5 2
v 6 2
v 7 2
v 8 2
v 9 6
v 10 6
v 11 2
v 12 2
v 13 2
v 14 2
v 15 2
v 16 2
v 17 5
v 18 2
v 19 2
e 0 1 2
e 0 2 2
e 0 3 2
e 3 4 5
e 3 5 5
e 4 6 5
e 5 7 5
e 6 8 5
e 7 8 5
e 8 9 2
e 9 10 2
e 10 11 2
e 11 12 5
e 11 13 5
e 12 14 5
e 13 15 5
e 14 16 5
e 15 16 5
e 16 17 2
e 17 18 2
e 17 19 2
t # 15
v 0 6
v 1 6
v 2 2
v 3 2
v 4 2
v 5 2
v 6 2
v 7 2
v 8 2
v 9 2
v 10 2
v 11 2
v 12 2
v 13 2
v 14 2
v 15 2
e 0 1 2
e 0 2 2
e 1 3 2
e 2 4 5
e 2 5 5
e 3 6 5
e 3 7 5
e 4 8 5
e 5 9 5
e 6 10 5
e 7 11 5
e 8 12 5
e 9 12 5
e 10 13 5
e 11 13 5
e 12 14 2
e 13 15 2
t # 16
v 0 2
v 1 2
v 2 2
v 3 3
v 4 11
v 5 2
v 6 2
v 7 11
v 8 11
e 0 1 2
e 0 2 2
e 0 3 3
e 1 4 2
e 1 5 2
e 1 6 2
e 2 7 2
e 2 8 2
t # 17
v 0 2
v 1 3
v 2 3
v 3 2
v 4 3
v 5 2
v 6 2
v 7 2
v 8 2
v 9 3
v 10 2
v 11 3
v 12 3
e 0 1 3
e 0 2 2
e 0 3 2
e 3 4 2
e 3 5 2
e 3 6 2
e 5 7 2
e 6 8 2
e 7 9 2
e 7 10 2
e 8 11 2
e 8 10 2
e 10 12 2
t # 18
v 0 2
v 1 3
v 2 2
v 3 2
v 4 2
v 5 6
v 6 6
v 7 2
v 8 2
e 0 1 2
e 0 2 2
e 1 3 2
e 2 4 2
e 3 5 3
e 3 6 2
e 4 7 2
e 7 8 2
t # 19
v 0 6
v 1 2
v 2 2
v 3 2
v 4 2
v 5 2
v 6 2
v 7 6
e 0 1 2
e 0 2 2
e 0 3 2
e 1 4 2
e 2 5 2
e 3 6 2
e 4 7 2
e 5 7 2
e 6 7 2
t # 20
v 0 2
v 1 2
v 2 3
v 3 2
v 4 3
v 5 3
v 6 2
v 7 2
v 8 2
v 9 3
v 10 2
v 11 2
v 12 2
v 13 2
e 0 1 2
e 0 2 3
e 0 3 2
e 1 4 2
e 1 5 3
e 3 6 2
e 3 7 2
e 4 8 2
e 6 9 3
e 6 10 2
e 7 11 2
e 8 12 2
e 10 13 2
e 11 13 2
t # 21
v 0 6
v 1 5
v 2 3
v 3 3
v 4 2
v 5 2
v 6 2
v 7 2
v 8 2
v 9 2
v 10 2
v 11 3
v 12 3
v 13 2
v 14 2
v 15 2
e 0 1 2
e 0 2 3
e 0 3 3
e 0 4 2
e 1 5 2
e 4 6 5
e 4 7 5
e 5 8 2
e 6 9 5
e 7 10 5
e 8 11 2
e 8 12 3
e 9 13 5
e 10 13 5
e 11 14 2
e 14 15 2
t # 22
v 0 5
v 1 2
v 2 2
v 3 2
v 4 2
v 5 2
v 6 3
v 7 2
v 8 2
v 9 5
e 0 1 2
e 0 2 2
e 0 3 2
e 1 4 2
e 1 5 2
e 1 6 2
e 2 7 2
e 3 8 2
e 4 9 2
t # 23
v 0 3
v 1 2
v 2 2
v 3 2
v 4 2
v 5 2
v 6 2
v 7 2
v 8 3
v 9 2
v 10 2
v 11 2
v 12 2
v 13 2
v 14 2
v 15 2
e 0 1 3
e 1 2 5
e 1 3 5
e 2 4 5
e 2 5 5
e 3 6 5
e 3 7 5
e 4 8 5
e 4 9 5
e 5 10 5
e 6 11 5
e 6 8 5
e 7 12 5
e 9 13 2
e 9 14 5
e 10 14 5
e 11 15 5
e 12 15 5
t # 24
v 0 3
v 1 2
v 2 2
v 3 5
v 4 3
v 5 2
v 6 2
v 7 2
v 8 2
v 9 3
v 10 2
v 11 3
v 12 2
v 13 2
v 14 3
v 15 2
v 16 3
v 17 2
v 18 2
v 19 2
v 20 2
v 21 2
v 22 5
v 23 3
v 24 5
v 25 3
v 26 2
v 27 2
v 28 2
v 29 2
v 30 2
v 31 2
v 32 2
v 33 2
v 34 2
v 35 2
v 36 2
v 37 2
e 0 1 2
e 0 2 2
e 1 3 2
e 1 4 3
e 2 5 2
e 2 6 2
e 3 7 2
e 5 8 2
e 5 9 2
e 6 10 2
e 6 11 2
e 7 12 5
e 7 13 5
e 8 14 2
e 9 15 2
e 10 16 2
e 11 15 2
e 12 17 5
e 13 18 5
e 14 19 2
e 16 20 2
e 17 21 5
e 18 21 5
e 19 22 2
e 19 23 3
e 20 24 2
e 20 25 3
e 22 26 2
e 24 27 2
e 26 28 5
e 26 29 5
e 27 30 5
e 27 31 5
e 28 32 5
e 29 33 5
e 30 34 5
e 31 35 5
e 32 36 5
e 33 36 5
e 34 37 5
e 35 37 5
t # 25
v 0 2
v 1 3
v 2 2
v 3 2
v 4 3
v 5 2
v 6 3
v 7 2
v 8 3
v 9 2
v 10 2
v 11 3
e 0 1 2
e 0 2 2
e 2 3 2
e 2 4 2
e 3 5 2
e 3 6 2
e 4 7 2
e 5 8 2
e 5 9 2
e 6 10 2
e 7 8 2
e 9 11 2
e 10 11 2
t # 26
v 0 2
v 1 5
v 2 3
v 3 5
v 4 2
v 5 2
v 6 2
v 7 2
v 8 2
v 9 2
v 10 2
v 11 2
v 12 5
v 13 2
e 0 1 2
e 0 2 3
e 0 3 2
e 1 4 2
e 1 5 2
e 3 6 2
e 3 7 2
e 4 8 2
e 5 9 2
e 6 10 2
e 7 11 2
e 10 12 2
e 11 12 2
e 12 13 2
t # 27
v 0 13
v 1 6
v 2 6
v 3 5
v 4 5
v 5 5
v 6 5
v 7 2
v 8 2
v 9 2
v 10 2
v 11 2
v 12 2
v 13 2
v 14 2
v 15 2
v 16 2
v 17 5
v 18 5
v 19 2
v 20 2
v 21 2
v 22 2
v 23 2
v 24 2
v 25 2
v 26 2
v 27 2
v 28 2
v 29 2
v 30 2
v 31 2
v 32 2
v 33 2
v 34 2
v 35 2
v 36 2
v 37 2
v 38 2
e 0 1 2
e 0 2 2
e 0 3 2
e 0 4 2
e 0 5 2
e 0 6 2
e 1 7 2
e 2 8 2
e 3 9 5
e 3 10 5
e 4 11 5
e 4 12 5
e 5 13 5
e 5 14 5
e 6 15 5
e 6 16 5
e 7 17 4
e 8 18 4
e 9 19 5
e 10 20 5
e 11 21 5
e 12 22 5
e 13 23 5
e 14 24 5
e 15 25 5
e 16 26 5
e 19 27 5
e 20 27 5
e 21 28 5
e 22 28 5
e 23 29 5
e 24 29 5
e 25 30 5
e 26 30 5
e 27 31 2
e 28 32 2
e 29 33 2
e 30 34 2
e 31 35 2
e 32 36 2
e 33 37 2
e 34 38 2
t # 28
v 0 3
v 1 2
v 2 5
v 3 2
v 4 2
v 5 6
v 6 6
e 0 1 3
e 1 2 2
e 1 3 2
e 2 4 2
e 3 5 2
e 4 6 3
e 4 5 2
t # 29
v 0 2
v 1 2
v 2 2
v 3 2
v 4 2
v 5 5
v 6 2
v 7 2
v 8 2
v 9 2
v 10 2
v 11 2
v 12 2
v 13 2
v 14 2
v 15 2
e 0 1 3
e 0 2 2
e 0 3 2
e 1 4 2
e 2 5 4
e 3 6 5
e 3 7 5
e 4 8 5
e 4 9 5
e 6 10 5
e 7 11 5
e 8 12 5
e 9 13 5
e 10 14 5
e 11 14 5
e 12 15 5
e 13 15 5
t # 30
v 0 2
v 1 3
v 2 3
v 3 2
v 4 2
v 5 2
v 6 6
v 7 2
v 8 2
v 9 2
e 0 1 3
e 0 2 2
e 0 3 2
e 3 4 5
e 3 5 5
e 4 6 2
e 4 7 5
e 5 8 5
e 7 9 5
e 8 9 5
t # 31
v 0 2
v 1 6
v 2 2
v 3 3
v 4 3
v 5 3
v 6 2
v 7 2
e 0 1 2
e 0 2 2
e 1 3 3
e 1 4 3
e 1 5 2
e 2 6 2
e 2 7 3
t # 32
v 0 2
v 1 3
v 2 2
v 3 2
v 4 2
v 5 3
v 6 3
v 7 2
v 8 3
v 9 2
v 10 2
v 11 2
v 12 2
v 13 3
v 14 2
v 15 3
v 16 2
v 17 2
v 18 2
v 19 2
v 20 2
v 21 2
v 22 2
v 23 2
v 24 2
v 25 2
v 26 2
v 27 2
v 28 2
v 29 2
v 30 2
v 31 2
v 32 2
v 33 2
v 34 2
v 35 2
v 36 2
v 37 2
v 38 2
v 39 2
v 40 2
v 41 2
v 42 2
v 43 2
v 44 3
v 45 2
v 46 2
v 47 2
v 48 2
v 49 3
v 50 2
v 51 3
v 52 2
v 53 2
v 54 2
v 55 2
v 56 2
v 57 2
v 58 2
v 59 2
v 60 2
v 61 2
v 62 2
v 63 2
v 64 2
v 65 2
e 0 1 2
e 0 2 2
e 0 3 2
e 1 4 2
e 2 5 2
e 3 6 2
e 4 7 2
e 4 8 3
e 5 9 2
e 6 10 2
e 7 11 2
e 9 12 2
e 9 13 3
e 10 14 2
e 10 15 3
e 11 16 2
e 12 17 2
e 14 18 2
e 16 19 2
e 17 20 2
e 18 21 2
e 19 22 2
e 20 23 2
e 21 24 2
e 22 25 2
e 23 26 2
e 24 27 2
e 25 28 2
e 26 29 2
e 27 30 2
e 28 31 2
e 29 32 2
e 30 33 2
e 31 34 2
e 32 35 2
e 33 36 2
e 34 37 2
e 35 38 2
e 36 39 2
e 37 40 2
e 38 41 2
e 39 42 2
e 40 43 2
e 40 44 2
e 41 45 2
e 42 46 2
e 43 47 2
e 45 48 2
e 45 49 2
e 46 50 2
e 46 51 2
e 47 52 2
e 48 53 2
e 50 54 2
e 52 55 2
e 53 56 2
e 54 57 2
e 55 58 2
e 56 59 2
e 57 60 2
e 58 61 2
e 59 62 2
e 60 63 2
e 62 64 2
e 63 65 2
t # 33
v 0 2
v 1 2
v 2 6
v 3 6
v 4 2
v 5 3
v 6 2
v 7 2
v 8 2
v 9 3
v 10 2
v 11 2
v 12 2
v 13 3
v 14 2
v 15 3
v 16 2
v 17 3
v 18 2
v 19 3
v 20 3
e 0 1 2
e 0 2 2
e 0 3 2
e 1 4 2
e 1 5 2
e 2 6 2
e 3 7 2
e 4 8 2
e 4 9 2
e 6 10 2
e 7 11 2
e 8 12 2
e 8 13 2
e 12 14 2
e 12 15 2
e 14 16 2
e 14 17 2
e 16 18 2
e 16 19 2
e 18 20 2
t # 34
v 0 2
v 1 2
v 2 2
v 3 3
v 4 2
v 5 3
v 6 2
v 7 3
v 8 2
v 9 3
v 10 2
v 11 3
v 12 2
v 13 3
v 14 3
v 15 3
v 16 3
e 0 1 2
e 0 2 2
e 0 3 2
e 1 4 2
e 1 5 2
e 2 6 2
e 2 7 2
e 4 8 2
e 4 9 2
e 6 10 2
e 6 11 2
e 8 12 2
e 8 13 2
e 10 14 3
e 10 15 2
e 12 16 2
t # 35
v 0 8
v 1 7
v 2 8
v 3 5
v 4 5
v 5 7
v 6 7
v 7 8
v 8 8
v 9 5
v 10 8
v 11 8
e 0 1 2
e 1 2 2
e 1 3 3
e 1 4 2
e 3 5 2
e 4 6 3
e 5 7 2
e 5 8 2
e 5 9 3
e 6 10 2
e 6 11 2
e 6 9 2
t # 36
v 0 7
v 1 2
v 2 3
v 3 3
v 4 2
v 5 5
v 6 3
v 7 2
v 8 2
v 9 2
v 10 2
v 11 2
v 12 2
v 13 2
v 14 2
v 15 2
v 16 2
v 17 2
v 18 8
v 19 5
v 20 2
v 21 2
v 22 2
v 23 2
v 24 2
v 25 2
e 0 1 2
e 0 2 3
e 0 3 2
e 0 4 2
e 1 5 2
e 1 6 3
e 4 7 5
e 4 8 5
e 5 9 2
e 7 10 5
e 8 11 5
e 9 12 5
e 9 13 5
e 10 14 5
e 11 14 5
e 12 15 5
e 13 16 5
e 15 17 5
e 16 17 5
e 17 18 2
e 19 20 2
e 19 21 2
e 19 22 2
e 20 23 2
e 21 24 2
e 22 25 2
t # 37
v 0 2
v 1 2
v 2 6
v 3 2
v 4 3
v 5 3
v 6 3
v 7 2
v 8 2
v 9 2
v 10 2
v 11 2
e 0 1 2
e 0 2 2
e 1 3 2
e 2 4 3
e 2 5 3
e 2 6 2
e 3 7 2
e 7 8 2
e 8 9 2
e 9 10 2
e 10 11 2
t # 38
v 0 2
v 1 2
v 2 2
v 3 6
v 4 2
v 5 3
v 6 3
v 7 3
v 8 2
v 9 3
e 0 1 2
e 0 2 2
e 1 3 2
e 2 4 2
e 3 5 3
e 3 6 3
e 3 7 2
e 4 8 2
e 8 9 2
t # 39
v 0 3
v 1 2
v 2 2
v 3 2
v 4 2
v 5 2
v 6 3
v 7 2
v 8 3
v 9 2
v 10 3
v 11 2
v 12 2
v 13 2
v 14 2
v 15 2
v 16 3
v 17 2
v 18 2
v 19 3
v 20 2
v 21 3
e 0 1 3
e 1 2 2
e 1 3 2
e 2 4 5
e 2 5 5
e 3 6 2
e 3 7 2
e 4 8 2
e 4 9 5
e 5 10 2
e 5 11 5
e 7 12 2
e 7 8 2
e 9 13 5
e 11 13 5
e 12 14 5
e 12 15 5
e 13 16 2
e 14 17 5
e 15 18 5
e 17 19 2
e 17 20 5
e 18 20 5
e 20 21 2
t # 40
v 0 2
v 1 2
v 2 3
v 3 2
v 4 2
v 5 2
v 6 2
v 7 2
v 8 3
v 9 2
v 10 3
v 11 2
v 12 2
v 13 2
v 14 2
v 15 2
v 16 2
v 17 2
v 18 3
v 19 2
v 20 3
v 21 2
v 22 2
v 23 3
v 24 2
v 25 3
v 26 2
v 27 2
v 28 3
v 29 3
v 30 3
e 0 1 2
e 0 2 3
e 0 3 2
e 1 4 2
e 3 5 5
e 3 6 5
e 4 7 2
e 5 8 2
e 5 9 5
e 6 10 2
e 6 11 5
e 7 12 5
e 7 13 5
e 8 14 2
e 9 15 5
e 11 15 5
e 12 16 5
e 13 17 5
e 14 18 2
e 14 19 2
e 15 20 2
e 16 21 5
e 17 21 5
e 18 22 2
e 19 23 2
e 19 24 2
e 21 25 2
e 22 26 2
e 22 27 2
e 24 28 2
e 24 27 2
e 26 29 2
e 27 30 2
t # 41
v 0 2
v 1 2
v 2 2
v 3 2
v 4 2
v 5 2
v 6 2
v 7 2
v 8 2
v 9 2
v 10 2
v 11 2
v 12 2
v 13 2
v 14 2
v 15 2
v 16 3
v 17 2
v 18 5
v 19 2
v 20 3
v 21 2
v 22 2
v 23 2
v 24 2
v 25 3
e 0 1 2
e 1 2 2
e 1 3 2
e 1 4 2
e 2 5 5
e 2 6 5
e 3 7 2
e 3 8 2
e 4 9 2
e 5 10 2
e 5 11 5
e 6 12 5
e 7 13 2
e 7 14 2
e 7 15 2
e 8 10 2
e 9 15 2
e 10 16 3
e 11 17 5
e 12 17 5
e 13 18 4
e 17 19 2
e 19 20 2
e 19 21 2
e 19 22 2
e 20 23 2
e 23 24 2
e 23 25 3
t # 42
v 0 2
v 1 2
v 2 2
v 3 2
v 4 2
v 5 2
v 6 2
v 7 2
v 8 2
v 9 2
v 10 8
v 11 2
v 12 2
v 13 2
v 14 2
v 15 2
v 16 2
v 17 8
v 18 2
v 19 8
v 20 3
v 21 3
v 22 2
v 23 8
v 24 2
v 25 2
e 0 1 2
e 1 2 2
e 1 3 2
e 1 4 2
e 2 5 2
e 2 6 2
e 3 7 2
e 3 8 2
e 4 9 2
e 5 10 2
e 5 11 2
e 5 12 2
e 6 13 2
e 7 14 2
e 7 15 2
e 7 16 2
e 8 12 2
e 9 16 2
e 11 17 2
e 11 18 2
e 12 19 2
e 13 18 2
e 14 20 3
e 14 21 2
e 18 22 2
e 18 23 2
e 22 24 2
e 22 25 2
t # 43
v 0 3
v 1 2
v 2 2
v 3 2
v 4 5
v 5 3
v 6 5
v 7 2
v 8 2
v 9 2
v 10 2
v 11 2
v 12 2
v 13 5
v 14 5
v 15 2
v 16 3
v 17 3
v 18 2
v 19 2
v 20 2
v 21 5
v 22 5
v 23 5
v 24 2
v 25 2
v 26 2
v 27 2
v 28 2
v 29 2
v 30 2
v 31 2
v 32 3
v 33 2
e 0 1 2
e 1 2 2
e 1 3 2
e 2 4 2
e 2 5 2
e 3 6 2
e 3 7 2
e 4 8 5
e 4 9 5
e 5 7 2
e 6 10 2
e 7 11 2
e 8 12 5
e 8 13 5
e 9 14 5
e 10 15 2
e 10 16 3
e 11 17 2
e 12 18 5
e 12 14 5
e 13 19 5
e 15 20 2
e 15 21 2
e 18 22 2
e 18 23 5
e 19 23 5
e 20 24 2
e 22 25 2
e 22 26 2
e 24 27 5
e 24 28 5
e 27 29 5
e 28 30 5
e 29 31 5
e 30 31 5
e 31 32 2
e 32 33 2
t # 44
v 0 5
v 1 2
v 2 5
v 3 6
v 4 2
v 5 2
e 0 1 3
e 1 2 2
e 1 3 2
e 2 4 2
e 3 5 2
e 4 5 2
t # 45
v 0 3
v 1 2
v 2 2
v 3 3
v 4 2
v 5 2
v 6 2
v 7 2
v 8 2
v 9 2
v 10 2
v 11 3
v 12 2
v 13 2
v 14 2
v 15 2
v 16 2
v 17 2
v 18 2
v 19 2
v 20 2
v 21 2
v 22 2
v 23 2
v 24 2
v 25 2
v 26 2
v 27 3
v 28 2
v 29 3
v 30 2
v 31 2
v 32 3
e 0 1 3
e 1 2 2
e 1 3 2
e 2 4 2
e 2 5 2
e 3 6 2
e 4 7 2
e 4 8 2
e 4 9 2
e 5 10 2
e 5 6 2
e 6 11 3
e 7 12 2
e 7 13 3
e 8 14 2
e 8 15 2
e 9 16 3
e 10 17 2
e 10 12 2
e 10 16 2
e 12 18 2
e 12 19 2
e 13 20 2
e 14 21 2
e 14 22 2
e 14 20 2
e 15 23 2
e 17 24 2
e 19 25 2
e 22 26 2
e 22 23 2
e 24 27 2
e 24 25 2
e 26 28 2
e 26 29 3
e 27 30 2
e 30 31 2
e 30 32 3
t # 46
v 0 5
v 1 2
v 2 2
v 3 2
v 4 5
v 5 6
v 6 2
v 7 2
v 8 2
v 9 6
v 10 2
v 11 2
v 12 3
v 13 2
v 14 2
v 15 2
v 16 2
v 17 2
v 18 2
v 19 2
v 20 2
e 0 1 2
e 0 2 3
e 1 3 2
e 2 4 5
e 2 5 5
e 3 6 2
e 4 7 2
e 4 8 5
e 5 9 5
e 6 10 2
e 7 11 2
e 8 12 3
e 8 9 5
e 10 13 2
e 11 14 2
e 13 15 2
e 14 16 2
e 15 17 2
e 16 18 2
e 18 19 2
e 19 20 2
t # 47
v 0 6
v 1 5
v 2 3
v 3 3
v 4 2
v 5 2
v 6 5
v 7 2
v 8 2
v 9 3
v 10 5
v 11 3
e 0 1 2
e 0 2 3
e 0 3 3
e 0 4 2
e 4 5 5
e 4 6 5
e 5 7 5
e 6 8 5
e 7 9 2
e 7 10 5
e 8 11 2
e 8 10 5
t # 48
v 0 6
v 1 2
v 2 3
v 3 3
v 4 2
v 5 2
v 6 2
v 7 5
v 8 2
v 9 2
v 10 3
v 11 5
v 12 3
e 0 1 2
e 0 2 3
e 0 3 3
e 0 4 2
e 1 5 2
e 4 6 5
e 4 7 5
e 6 8 5
e 7 9 5
e 8 10 2
e 8 11 5
e 9 12 2
e 9 11 5
t # 49
v 0 3
v 1 2
v 2 2
v 3 2
v 4 2
v 5 2
v 6 2
v 7 2
v 8 2
v 9 2
v 10 2
v 11 3
v 12 2
v 13 2
v 14 3
v 15 2
v 16 2
e 0 1 3
e 1 2 2
e 1 3 2
e 2 4 5
e 2 5 5
e 3 6 5
e 3 7 5
e 4 8 2
e 4 9 5
e 5 10 2
e 5 11 5
e 6 12 5
e 6 8 2
e 7 13 5
e 8 14 3
e 9 15 2
e 9 11 5
e 12 16 5
e 13 16 5
t # 50
v 0 2
v 1 2
v 2 2
v 3 2
v 4 2
v 5 2
v 6 2
v 7 2
v 8 2
v 9 2
v 10 2
v 11 5
v 12 3
v 13 8
v 14 2
v 15 5
v 16 5
v 17 2
v 18 5
e 0 1 3
e 0 2 2
e 1 3 2
e 2 4 5
e 2 5 5
e 3 6 3
e 4 7 5
e 5 8 5
e 6 9 2
e 7 10 5
e 8 10 5
e 9 11 2
e 9 12 3
e 10 13 2
e 11 14 2
e 14 15 2
e 14 16 3
e 15 17 2
e 17 18 4
t # 51
v 0 2
v 1 5
v 2 2
v 3 3
v 4 5
v 5 2
v 6 2
v 7 2
v 8 2
v 9 3
v 10 3
v 11 3
v 12 2
v 13 2
v 14 3
v 15 3
e 0 1 2
e 0 2 2
e 0 3 3
e 1 4 2
e 2 5 3
e 4 6 2
e 5 7 2
e 6 8 2
e 6 9 3
e 7 10 3
e 7 11 2
e 8 12 3
e 12 13 2
e 13 14 3
e 13 15 2
t # 52
v 0 3
v 1 2
v 2 5
v 3 2
v 4 5
v 5 2
v 6 2
v 7 2
v 8 2
v 9 2
v 10 3
v 11 2
v 12 2
v 13 3
v 14 2
v 15 3
v 16 2
v 17 2
e 0 1 3
e 1 2 2
e 1 3 2
e 2 4 2
e 2 5 2
e 3 6 2
e 3 7 2
e 4 8 2
e 4 9 2
e 5 10 3
e 5 11 2
e 7 12 2
e 7 9 2
e 8 13 3
e 8 14 2
e 9 15 3
e 11 16 2
e 11 14 2
e 14 17 2
t # 53
v 0 5
v 1 2
v 2 2
v 3 2
v 4 3
v 5 2
v 6 2
v 7 2
v 8 6
v 9 3
v 10 5
v 11 2
v 12 6
v 13 2
e 0 1 2
e 0 2 2
e 1 3 2
e 1 4 3
e 2 5 5
e 2 6 5
e 5 7 5
e 5 8 5
e 6 9 3
e 6 10 5
e 7 11 5
e 7 10 5
e 8 12 5
e 10 13 2
e 11 12 5
t # 54
v 0 2
v 1 2
v 2 2
v 3 2
v 4 2
v 5 2
v 6 2
v 7 2
v 8 2
v 9 2
v 10 2
v 11 2
v 12 2
v 13 5
v 14 2
v 15 2
v 16 2
v 17 2
v 18 5
v 19 2
v 20 2
e 0 1 3
e 0 2 2
e 1 3 2
e 2 4 5
e 2 5 5
e 3 6 5
e 3 7 5
e 4 8 5
e 4 9 5
e 5 10 5
e 6 11 5
e 7 12 5
e 8 13 5
e 8 14 5
e 9 15 5
e 10 13 5
e 11 16 5
e 12 16 5
e 14 17 5
e 15 17 5
e 16 18 2
e 18 19 2
e 18 20 2
t # 55
v 0 3
v 1 2
v 2 2
v 3 3
v 4 5
v 5 2
v 6 2
v 7 5
v 8 2
v 9 2
v 10 3
v 11 2
v 12 2
v 13 2
v 14 2
v 15 2
v 16 2
v 17 2
v 18 2
v 19 2
v 20 2
v 21 3
v 22 3
v 23 3
v 24 2
v 25 2
v 26 2
v 27 2
v 28 2
v 29 2
e 0 1 3
e 1 2 2
e 1 3 2
e 2 4 2
e 2 5 2
e 3 6 2
e 4 7 2
e 4 8 2
e 5 9 2
e 5 6 2
e 6 10 3
e 7 11 2
e 7 9 2
e 8 12 2
e 8 13 2
e 9 14 2
e 11 15 2
e 11 12 2
e 12 16 2
e 13 17 5
e 13 18 5
e 14 19 5
e 14 20 5
e 15 21 3
e 15 22 2
e 16 23 3
e 16 22 2
e 17 24 5
e 18 25 5
e 19 26 5
e 20 27 5
e 24 28 5
e 25 28 5
e 26 29 5
e 27 29 5
t # 56
v 0 5
v 1 2
v 2 2
v 3 2
v 4 5
v 5 5
v 6 2
v 7 2
v 8 2
v 9 2
v 10 5
v 11 2
e 0 1 2
e 0 2 2
e 0 3 2
e 1 4 2
e 2 5 2
e 3 6 2
e 4 7 2
e 4 8 2
e 5 9 2
e 5 6 2
e 7 10 2
e 8 11 2
e 9 10 2
e 10 11 2
t # 57
v 0 8
v 1 5
v 2 2
v 3 2
v 4 2
v 5 5
v 6 2
v 7 3
v 8 5
v 9 5
v 10 2
v 11 8
v 12 2
v 13 2
v 14 2
v 15 8
v 16 8
v 17 2
v 18 2
v 19 3
v 20 2
v 21 2
v 22 2
v 23 2
v 24 2
v 25 2
e 0 1 2
e 1 2 2
e 1 3 2
e 2 4 2
e 2 5 2
e 2 6 2
e 3 7 3
e 3 8 2
e 4 9 2
e 4 10 2
e 4 8 2
e 5 11 2
e 5 12 2
e 6 13 5
e 6 14 5
e 8 15 2
e 9 16 2
e 9 12 2
e 10 17 5
e 10 18 5
e 12 19 3
e 13 20 5
e 14 21 5
e 17 22 5
e 18 23 5
e 20 24 5
e 21 24 5
e 22 25 5
e 23 25 5
t # 58
v 0 6
v 1 2
v 2 2
v 3 2
v 4 5
v 5 5
v 6 3
v 7 2
v 8 2
v 9 2
v 10 5
v 11 5
v 12 5
v 13 2
v 14 6
v 15 2
v 16 5
v 17 5
v 18 2
v 19 2
v 20 5
v 21 5
v 22 5
e 0 1 2
e 0 2 2
e 1 3 2
e 2 4 5
e 2 5 5
e 3 6 2
e 4 7 5
e 5 8 5
e 6 9 2
e 7 10 2
e 7 11 5
e 8 12 2
e 8 11 5
e 9 13 2
e 13 14 2
e 14 15 2
e 15 16 5
e 15 17 5
e 16 18 5
e 17 19 5
e 18 20 2
e 18 21 5
e 19 22 2
e 19 21 5
t # 59
v 0 5
v 1 3
v 2 3
v 3 2
v 4 2
v 5 2
v 6 2
v 7 2
v 8 2
v 9 3
v 10 2
v 11 3
v 12 2
v 13 5
v 14 2
v 15 2
v 16 3
v 17 3
v 18 2
v 19 2
v 20 2
e 0 1 3
e 0 2 2
e 0 3 2
e 3 4 5
e 3 5 5
e 4 6 5
e 4 7 5
e 5 8 5
e 6 9 5
e 6 10 5
e 7 11 3
e 7 12 5
e 8 13 2
e 8 10 5
e 9 14 5
e 12 15 5
e 12 14 5
e 13 16 3
e 13 17 2
e 14 18 5
e 15 19 5
e 18 20 5
e 19 20 5
t # 60
v 0 5
v 1 3
v 2 3
v 3 2
v 4 2
v 5 2
v 6 2
v 7 2
v 8 2
v 9 6
v 10 6
v 11 2
v 12 2
v 13 2
v 14 2
v 15 2
v 16 2
v 17 5
v 18 3
v 19 3
e 0 1 3
e 0 2 2
e 0 3 2
e 3 4 5
e 3 5 5
e 4 6 5
e 5 7 5
e 6 8 5
e 7 8 5
e 8 9 2
e 9 10 2
e 10 11 2
e 11 12 5
e 11 13 5
e 12 14 5
e 13 15 5
e 14 16 5
e 15 16 5
e 16 17 2
e 17 18 3
e 17 19 2
t # 61
v 0 3
v 1 2
v 2 2
v 3 2
v 4 2
v 5 2
v 6 3
v 7 2
v 8 2
v 9 2
v 10 2
v 11 2
v 12 2
v 13 2
v 14 2
v 15 2
v 16 2
v 17 2
v 18 2
v 19 3
v 20 2
v 21 2
v 22 3
v 23 3
v 24 2
v 25 2
v 26 3
v 27 2
e 0 1 2
e 0 2 2
e 2 3 5
e 2 4 5
e 3 5 5
e 4 6 2
e 4 7 5
e 5 8 2
e 5 9 5
e 6 10 2
e 7 9 5
e 8 11 2
e 8 12 2
e 9 13 2
e 11 14 2
e 11 15 2
e 12 16 5
e 12 17 5
e 13 14 2
e 14 18 2
e 15 19 2
e 16 20 5
e 17 21 5
e 18 22 3
e 18 19 2
e 20 23 2
e 20 24 5
e 21 24 5
e 23 25 2
e 24 26 2
e 26 27 2
t # 62
v 0 2
v 1 5
v 2 2
v 3 2
v 4 6
v 5 6
v 6 5
v 7 2
v 8 2
e 0 1 2
e 1 2 2
e 1 3 2
e 2 4 3
e 2 5 2
e 3 6 2
e 5 7 2
e 6 8 2
e 6 7 2
t # 63
v 0 2
v 1 2
v 2 2
v 3 2
v 4 3
v 5 2
v 6 2
v 7 6
v 8 2
v 9 3
v 10 3
v 11 3
v 12 2
e 0 1 2
e 0 2 2
e 0 3 2
e 1 4 2
e 2 5 2
e 3 6 2
e 4 7 2
e 5 8 2
e 7 9 3
e 7 10 3
e 7 11 2
e 8 12 2
t # 64
v 0 3
v 1 2
v 2 5
v 3 2
v 4 2
v 5 2
v 6 6
v 7 3
v 8 2
v 9 2
v 10 2
v 11 2
v 12 2
e 0 1 3
e 1 2 2
e 1 3 2
e 2 4 2
e 2 5 2
e 3 6 2
e 4 7 3
e 4 6 2
e 5 8 5
e 5 9 5
e 8 10 5
e 9 11 5
e 10 12 5
e 11 12 5
t # 65
v 0 3
v 1 2
v 2 2
v 3 2
v 4 2
v 5 2
v 6 2
v 7 2
v 8 2
v 9 2
v 10 3
v 11 2
v 12 2
v 13 3
v 14 2
v 15 3
v 16 3
v 17 2
v 18 2
v 19 3
e 0 1 3
e 1 2 2
e 1 3 2
e 2 4 5
e 2 5 5
e 3 6 5
e 3 7 5
e 4 8 2
e 4 9 5
e 5 10 2
e 5 11 5
e 6 12 5
e 6 8 2
e 7 13 2
e 7 14 5
e 8 15 3
e 9 16 2
e 9 17 5
e 11 17 5
e 12 18 5
e 14 19 2
e 14 18 5
t # 66
v 0 3
v 1 2
v 2 2
v 3 2
v 4 5
v 5 3
v 6 3
v 7 2
v 8 2
v 9 2
v 10 2
v 11 2
v 12 5
v 13 5
v 14 3
v 15 2
v 16 2
v 17 8
v 18 5
e 0 1 2
e 1 2 2
e 1 3 2
e 2 4 2
e 2 5 2
e 3 6 2
e 3 7 2
e 4 8 5
e 4 9 5
e 5 7 2
e 7 10 2
e 8 11 5
e 8 12 5
e 9 13 5
e 10 14 2
e 11 15 5
e 11 13 5
e 12 16 5
e 15 17 2
e 15 18 5
e 16 18 5
t # 67
v 0 6
v 1 3
v 2 3
v 3 3
v 4 3
v 5 2
v 6 2
v 7 2
v 8 2
v 9 2
v 10 2
v 11 2
v 12 2
v 13 2
v 14 2
v 15 2
v 16 2
v 17 2
v 18 2
v 19 2
v 20 2
v 21 2
v 22 2
v 23 2
v 24 5
v 25 5
v 26 2
v 27 2
v 28 2
v 29 2
v 30 2
v 31 2
v 32 2
v 33 2
e 0 1 3
e 0 2 3
e 0 3 2
e 0 4 2
e 5 6 2
e 5 7 3
e 5 8 2
e 6 9 5
e 6 10 5
e 7 11 2
e 7 12 2
e 8 13 5
e 8 14 5
e 9 15 5
e 10 16 5
e 11 17 3
e 12 18 3
e 13 19 5
e 14 20 5
e 15 21 5
e 16 21 5
e 17 22 2
e 18 22 2
e 19 23 5
e 20 23 5
e 21 24 2
e 22 25 3
e 24 26 2
e 24 27 2
e 25 28 2
e 25 29 2
e 26 30 2
e 27 31 2
e 28 32 2
e 29 33 2
t # 68
v 0 6
v 1 3
v 2 3
v 3 3
v 4 2
v 5 2
v 6 2
v 7 2
v 8 6
v 9 2
v 10 2
v 11 5
v 12 2
v 13 2
v 14 2
v 15 2
v 16 2
v 17 2
v 18 2
v 19 2
v 20 5
v 21 5
v 22 5
v 23 2
v 24 2
v 25 2
v 26 2
v 27 2
v 28 2
v 29 2
v 30 6
v 31 5
v 32 2
v 33 2
v 34 2
v 35 2
v 36 6
v 37 2
v 38 2
v 39 3
v 40 3
v 41 3
v 42 2
e 0 1 3
e 0 2 3
e 0 3 2
e 0 4 2
e 4 5 5
e 4 6 5
e 5 7 5
e 5 8 5
e 6 9 2
e 6 10 5
e 7 11 5
e 7 12 5
e 8 13 5
e 10 12 5
e 11 13 5
e 13 14 5
e 14 15 5
e 14 16 5
e 15 17 5
e 16 18 5
e 17 19 5
e 18 19 5
e 19 20 2
e 20 21 3
e 21 22 2
e 22 23 2
e 23 24 5
e 23 25 5
e 24 26 5
e 25 27 5
e 26 28 5
e 27 28 5
e 28 29 5
e 29 30 5
e 29 31 5
e 30 32 5
e 31 33 5
e 32 34 5
e 32 33 5
e 33 35 5
e 34 36 2
e 34 37 5
e 35 38 5
e 36 39 3
e 36 40 3
e 36 41 2
e 37 42 2
e 37 38 5
t # 69
v 0 5
v 1 5
v 2 2
v 3 2
v 4 2
v 5 2
v 6 5
v 7 3
v 8 2
v 9 2
v 10 5
v 11 2
v 12 2
v 13 2
v 14 2
v 15 2
v 16 2
v 17 2
v 18 5
v 19 5
v 20 2
v 21 2
v 22 2
v 23 2
v 24 5
v 25 3
v 26 2
v 27 2
v 28 5
v 29 2
v 30 2
v 31 2
v 32 2
v 33 2
v 34 2
v 35 2
e 0 1 2
e 0 2 2
e 1 3 2
e 2 4 5
e 2 5 5
e 3 6 2
e 3 7 3
e 4 8 5
e 5 9 5
e 6 10 2
e 8 11 5
e 9 11 5
e 10 12 2
e 12 13 5
e 12 14 5
e 13 15 5
e 14 16 5
e 15 17 5
e 16 17 5
e 18 19 2
e 18 20 2
e 19 21 2
e 20 22 5
e 20 23 5
e 21 24 2
e 21 25 3
e 22 26 5
e 23 27 5
e 24 28 3
e 26 29 5
e 27 29 5
e 28 30 2
e 30 31 5
e 30 32 5
e 31 33 5
e 32 34 5
e 33 35 5
e 34 35 5
t # 70
v 0 3
v 1 2
v 2 2
v 3 2
v 4 2
v 5 2
v 6 2
v 7 2
v 8 3
v 9 5
v 10 2
v 11 2
v 12 2
v 13 3
v 14 2
v 15 2
v 16 2
v 17 2
v 18 3
v 19 2
v 20 2
v 21 2
v 22 2
v 23 2
v 24 3
v 25 3
v 26 2
v 27 2
v 28 3
v 29 2
e 0 1 2
e 0 2 2
e 2 3 5
e 2 4 5
e 3 5 2
e 3 6 5
e 4 7 5
e 4 8 2
e 5 9 2
e 5 10 2
e 6 11 5
e 6 12 2
e 7 13 2
e 7 11 5
e 8 14 2
e 9 15 2
e 9 16 2
e 10 17 2
e 10 18 2
e 12 16 2
e 13 14 2
e 17 19 5
e 17 20 5
e 18 21 2
e 19 22 5
e 19 21 2
e 20 23 5
e 21 24 3
e 22 25 2
e 22 26 5
e 23 26 5
e 25 27 2
e 26 28 2
e 28 29 2
t # 71
v 0 5
v 1 5
v 2 2
v 3 2
v 4 2
v 5 2
v 6 2
v 7 2
v 8 2
v 9 2
v 10 2
v 11 2
v 12 2
v 13 2
v 14 2
v 15 2
v 16 6
v 17 2
v 18 3
v 19 2
v 20 3
v 21 6
v 22 3
v 23 3
v 24 3
v 25 5
v 26 3
v 27 3
v 28 3
v 29 3
v 30 3
e 0 1 3
e 0 2 2
e 1 3 2
e 2 4 5
e 2 5 5
e 3 6 5
e 3 7 5
e 4 8 5
e 4 9 5
e 5 10 5
e 6 11 5
e 7 12 5
e 8 13 5
e 8 14 5
e 9 15 5
e 10 14 5
e 11 16 2
e 11 17 5
e 12 17 5
e 13 18 2
e 13 19 5
e 14 20 2
e 15 21 2
e 15 19 5
e 16 22 3
e 16 23 3
e 16 24 2
e 17 25 2
e 21 26 3
e 21 27 3
e 21 28 2
e 25 29 3
e 25 30 2
t # 72
v 0 7
v 1 3
v 2 3
v 3 3
v 4 2
v 5 2
v 6 2
v 7 2
v 8 2
v 9 2
v 10 2
v 11 2
v 12 2
v 13 2
v 14 2
v 15 2
v 16 2
v 17 2
v 18 2
v 19 2
v 20 2
v 21 2
e 0 1 2
e 0 2 2
e 0 3 2
e 1 4 2
e 2 5 2
e 3 6 2
e 4 7 2
e 5 8 2
e 6 9 2
e 7 10 2
e 8 11 2
e 9 12 2
e 10 13 2
e 11 14 2
e 12 15 2
e 13 16 2
e 14 17 2
e 15 18 2
e 16 19 2
e 17 20 2
e 18 21 2
t # 73
v 0 5
v 1 2
v 2 2
v 3 2
v 4 2
v 5 2
v 6 5
v 7 2
v 8 4
v 9 3
v 10 3
v 11 5
v 12 2
v 13 2
v 14 2
v 15 2
v 16 2
v 17 2
v 18 5
e 0 1 2
e 1 2 5
e 1 3 5
e 2 4 5
e 3 5 5
e 4 6 2
e 4 7 5
e 5 7 5
e 6 8 2
e 7 9 2
e 8 10 2
e 8 11 2
e 8 9 2
e 10 12 2
e 11 13 2
e 12 14 5
e 12 13 5
e 13 15 5
e 14 16 5
e 15 17 5
e 16 17 5
e 17 18 2
t # 74
v 0 3
v 1 6
v 2 3
v 3 2
v 4 5
v 5 2
v 6 2
v 7 2
v 8 2
v 9 2
v 10 3
v 11 2
e 0 1 3
e 1 2 3
e 1 3 2
e 1 4 2
e 3 5 5
e 3 6 5
e 4 7 2
e 5 8 5
e 5 7 2
e 6 9 5
e 7 10 3
e 8 11 5
e 9 11 5
t # 75
v 0 6
v 1 5
v 2 3
v 3 3
v 4 2
v 5 5
v 6 2
v 7 2
v 8 2
v 9 2
v 10 2
v 11 2
v 12 2
v 13 2
v 14 2
v 15 5
v 16 2
v 17 3
v 18 3
v 19 2
v 20 2
v 21 2
v 22 2
v 23 2
e 0 1 2
e 0 2 3
e 0 3 3
e 0 4 2
e 1 5 2
e 4 6 5
e 4 7 5
e 5 8 3
e 6 9 5
e 7 10 5
e 8 11 2
e 8 12 2
e 9 13 5
e 10 13 5
e 11 14 3
e 13 15 2
e 14 16 2
e 15 17 3
e 15 18 2
e 16 19 5
e 16 20 5
e 19 21 5
e 20 22 5
e 21 23 5
e 22 23 5
t # 76
v 0 2
v 1 2
v 2 5
v 3 2
v 4 2
v 5 2
v 6 2
v 7 2
v 8 2
v 9 2
v 10 2
v 11 2
v 12 5
v 13 2
v 14 2
v 15 2
v 16 8
e 0 1 2
e 1 2 2
e 1 3 2
e 2 4 2
e 2 5 2
e 3 6 2
e 4 7 5
e 4 8 5
e 5 6 2
e 7 9 5
e 7 10 5
e 8 11 5
e 9 12 5
e 9 13 5
e 10 14 5
e 11 12 5
e 13 15 5
e 14 15 5
e 15 16 2
t # 77
v 0 2
v 1 2
v 2 2
v 3 2
v 4 2
v 5 2
v 6 2
v 7 3
v 8 2
v 9 3
v 10 2
v 11 2
v 12 3
v 13 2
v 14 2
v 15 2
v 16 2
v 17 2
v 18 2
v 19 3
v 20 2
v 21 3
v 22 2
v 23 3
v 24 3
e 0 1 2
e 1 2 2
e 1 3 2
e 1 4 2
e 2 5 5
e 2 6 5
e 3 7 2
e 3 8 3
e 4 9 3
e 4 10 2
e 5 11 5
e 5 7 2
e 6 12 2
e 6 13 5
e 8 14 2
e 10 15 2
e 10 14 2
e 11 16 2
e 11 17 5
e 13 18 2
e 13 17 5
e 14 19 3
e 15 20 2
e 15 21 3
e 16 22 2
e 16 23 3
e 17 24 2
t # 78
v 0 5
v 1 2
v 2 2
v 3 5
v 4 3
v 5 2
v 6 2
v 7 2
v 8 2
v 9 2
v 10 2
v 11 5
v 12 2
v 13 2
v 14 2
v 15 2
e 0 1 2
e 0 2 2
e 1 3 2
e 1 4 3
e 2 5 5
e 2 6 5
e 3 7 2
e 5 8 5
e 6 9 5
e 7 10 5
e 7 11 5
e 8 12 5
e 9 12 5
e 10 13 5
e 11 14 5
e 13 15 5
e 14 15 5
t # 79
v 0 5
v 1 5
v 2 2
v 3 2
v 4 2
v 5 2
v 6 2
v 7 2
v 8 5
v 9 2
v 10 2
v 11 2
v 12 2
v 13 3
v 14 3
v 15 2
v 16 2
v 17 2
v 18 5
v 19 2
v 20 3
v 21 3
e 0 1 2
e 0 2 2
e 1 3 3
e 2 4 5
e 2 5 5
e 3 6 2
e 3 7 2
e 4 8 2
e 4 9 5
e 5 10 5
e 7 11 5
e 7 12 5
e 8 13 3
e 8 14 2
e 9 15 5
e 10 15 5
e 11 16 5
e 12 17 5
e 15 18 2
e 16 19 5
e 17 19 5
e 18 20 3
e 18 21 2
t # 80
v 0 5
v 1 3
v 2 3
v 3 2
v 4 2
v 5 2
v 6 2
v 7 8
v 8 2
v 9 5
v 10 2
v 11 3
v 12 3
e 0 1 3
e 0 2 2
e 0 3 2
e 3 4 5
e 3 5 5
e 4 6 5
e 5 7 2
e 5 8 5
e 6 9 2
e 6 10 5
e 8 10 5
e 9 11 3
e 9 12 2
t # 81
v 0 7
v 1 2
v 2 2
v 3 2
v 4 2
v 5 2
v 6 2
v 7 2
v 8 2
v 9 2
v 10 2
v 11 2
v 12 3
v 13 2
v 14 2
v 15 2
v 16 2
v 17 2
v 18 2
v 19 2
v 20 2
v 21 2
v 22 2
v 23 2
v 24 2
v 25 2
v 26 2
v 27 2
e 0 1 2
e 0 2 2
e 0 3 2
e 0 4 2
e 1 5 2
e 2 6 5
e 2 7 5
e 3 8 5
e 3 9 5
e 4 10 5
e 4 11 5
e 5 12 3
e 5 13 2
e 6 14 5
e 7 15 5
e 8 16 5
e 9 17 5
e 10 18 5
e 11 19 5
e 13 20 5
e 13 21 5
e 14 22 5
e 15 22 5
e 16 23 5
e 17 23 5
e 18 24 5
e 19 24 5
e 20 25 5
e 21 26 5
e 25 27 5
e 26 27 5
t # 82
v 0 6
v 1 2
v 2 6
v 3 6
v 4 2
v 5 2
e 0 1 3
e 1 2 2
e 1 3 2
e 2 4 2
e 3 5 2
e 4 5 2
t # 83
v 0 2
v 1 2
v 2 2
v 3 3
v 4 2
v 5 3
v 6 2
v 7 3
v 8 2
v 9 3
v 10 2
v 11 2
v 12 2
v 13 2
v 14 2
v 15 2
v 16 2
v 17 2
v 18 2
v 19 2
v 20 2
v 21 2
v 22 3
v 23 3
e 0 1 2
e 0 2 2
e 0 3 2
e 1 4 2
e 1 5 2
e 2 6 2
e 2 7 3
e 4 8 2
e 4 9 3
e 6 10 2
e 8 11 2
e 10 12 2
e 11 13 2
e 12 14 2
e 13 15 2
e 14 16 2
e 15 17 2
e 16 18 2
e 17 19 2
e 18 20 2
e 20 21 2
e 21 22 3
e 21 23 2
t # 84
v 0 3
v 1 2
v 2 2
v 3 2
v 4 2
v 5 2
v 6 2
v 7 2
v 8 2
v 9 2
v 10 3
v 11 2
v 12 2
v 13 2
v 14 3
v 15 2
v 16 3
v 17 2
e 0 1 3
e 1 2 2
e 1 3 2
e 2 4 5
e 2 5 5
e 3 6 5
e 3 7 5
e 4 8 2
e 4 9 5
e 5 10 2
e 5 11 5
e 6 12 5
e 6 8 2
e 7 13 5
e 8 14 3
e 9 15 5
e 11 16 2
e 11 15 5
e 12 17 5
e 13 17 5
t # 85
v 0 5
v 1 2
v 2 2
v 3 2
v 4 2
v 5 2
v 6 2
v 7 2
v 8 2
v 9 2
v 10 2
v 11 2
v 12 2
v 13 2
v 14 2
v 15 3
v 16 2
v 17 2
v 18 2
v 19 3
v 20 2
v 21 3
v 22 2
v 23 2
v 24 3
v 25 2
v 26 2
v 27 2
v 28 2
v 29 2
v 30 2
v 31 2
v 32 2
e 0 1 2
e 0 2 2
e 1 3 5
e 1 4 5
e 2 5 5
e 2 6 5
e 3 7 5
e 3 8 2
e 4 9 5
e 5 10 5
e 5 11 2
e 6 12 5
e 7 13 2
e 7 14 5
e 8 15 3
e 8 16 2
e 9 14 5
e 10 17 2
e 10 18 5
e 11 19 3
e 11 20 2
e 12 18 5
e 13 21 3
e 13 22 2
e 16 23 5
e 16 22 5
e 17 24 3
e 17 25 2
e 20 26 5
e 20 25 5
e 22 27 5
e 23 28 5
e 25 29 5
e 26 30 5
e 27 31 5
e 28 31 5
e 29 32 5
e 30 32 5
t # 86
v 0 5
v 1 2
v 2 2
v 3 2
v 4 2
v 5 2
v 6 2
v 7 5
v 8 2
v 9 2
v 10 2
v 11 2
v 12 3
v 13 3
v 14 2
v 15 2
v 16 2
v 17 3
v 18 3
e 0 1 2
e 0 2 2
e 0 3 2
e 1 4 2
e 2 5 2
e 3 6 2
e 4 7 2
e 5 8 2
e 6 9 2
e 7 10 2
e 7 11 2
e 8 12 2
e 9 13 2
e 10 14 2
e 11 15 2
e 14 16 2
e 15 17 2
e 16 18 2
t # 87
v 0 2
v 1 3
v 2 2
v 3 2
v 4 2
v 5 2
v 6 2
v 7 2
v 8 3
v 9 2
v 10 2
v 11 2
v 12 2
v 13 2
v 14 2
v 15 2
v 16 3
v 17 2
v 18 2
v 19 3
v 20 2
v 21 2
v 22 2
v 23 2
v 24 2
v 25 2
v 26 3
v 27 2
v 28 2
v 29 2
v 30 2
v 31 3
v 32 2
v 33 3
v 34 2
v 35 2
v 36 3
v 37 2
v 38 3
e 0 1 3
e 0 2 2
e 2 3 2
e 2 4 2
e 2 5 2
e 3 6 2
e 3 7 2
e 4 8 2
e 4 9 2
e 4 10 2
e 5 11 2
e 6 12 2
e 6 13 2
e 7 14 2
e 9 15 2
e 10 13 2
e 11 15 2
e 12 16 2
e 12 17 2
e 12 18 2
e 14 17 2
e 15 19 2
e 17 20 2
e 17 21 2
e 18 22 2
e 19 23 2
e 21 24 2
e 21 22 2
e 23 25 2
e 23 26 2
e 24 27 2
e 24 28 3
e 25 29 2
e 26 30 2
e 27 31 2
e 28 32 2
e 29 33 2
e 29 34 2
e 30 35 2
e 30 34 2
e 31 32 2
e 32 36 3
e 33 37 2
e 34 38 2
t # 88
v 0 3
v 1 2
v 2 2
v 3 2
v 4 2
v 5 2
v 6 2
v 7 2
v 8 2
v 9 2
v 10 2
v 11 2
v 12 2
v 13 2
v 14 2
v 15 2
v 16 2
v 17 2
v 18 2
v 19 2
v 20 2
v 21 2
v 22 2
v 23 3
v 24 2
v 25 2
v 26 3
v 27 3
v 28 2
v 29 2
v 30 3
v 31 3
v 32 2
v 33 2
v 34 3
v 35 2
v 36 2
v 37 2
v 38 3
v 39 3
v 40 2
v 41 2
v 42 3
v 43 2
v 44 2
v 45 2
v 46 3
v 47 3
v 48 3
e 0 1 2
e 1 2 2
e 1 3 2
e 1 4 2
e 2 5 2
e 2 6 2
e 3 7 2
e 3 8 2
e 3 9 2
e 4 10 2
e 5 11 2
e 5 12 2
e 6 13 2
e 8 14 2
e 8 10 2
e 9 12 2
e 11 15 2
e 11 16 2
e 11 17 2
e 13 16 2
e 14 18 5
e 14 19 5
e 16 20 3
e 17 21 2
e 18 22 5
e 19 23 5
e 20 24 2
e 21 24 2
e 22 25 5
e 23 25 5
e 24 26 2
e 25 27 3
e 26 28 2
e 28 29 2
e 28 30 2
e 29 31 2
e 29 32 2
e 30 33 2
e 32 34 2
e 32 35 2
e 33 36 2
e 33 35 2
e 34 37 2
e 35 38 2
e 37 39 2
e 37 40 2
e 39 41 2
e 40 42 2
e 40 43 2
e 41 44 2
e 41 45 2
e 43 46 2
e 43 45 2
e 44 47 2
e 45 48 2
t # 89
v 0 2
v 1 3
v 2 2
v 3 2
v 4 2
v 5 2
v 6 2
v 7 2
v 8 3
v 9 2
v 10 2
v 11 2
v 12 2
v 13 2
v 14 2
v 15 3
v 16 2
e 0 1 3
e 0 2 2
e 0 3 2
e 2 4 5
e 2 5 5
e 3 6 5
e 3 7 5
e 4 8 2
e 4 9 5
e 5 10 5
e 6 11 5
e 7 12 5
e 9 13 5
e 10 13 5
e 11 14 5
e 12 14 5
e 13 15 2
e 15 16 2
t # 90
v 0 2
v 1 2
v 2 2
v 3 6
v 4 2
v 5 3
v 6 3
v 7 3
v 8 3
v 9 3
v 10 3
v 11 3
v 12 2
v 13 2
v 14 2
v 15 2
v 16 2
v 17 2
v 18 2
v 19 2
v 20 2
v 21 2
v 22 2
v 23 2
v 24 2
v 25 2
v 26 2
v 27 2
v 28 2
v 29 2
v 30 2
v 31 2
v 32 2
v 33 2
v 34 2
v 35 2
v 36 2
v 37 2
e 0 1 2
e 0 2 2
e 0 3 2
e 1 4 2
e 2 5 2
e 2 6 3
e 3 7 3
e 3 8 3
e 3 9 2
e 4 10 2
e 4 11 3
e 5 12 2
e 10 13 2
e 12 14 2
e 13 15 2
e 14 16 2
e 15 17 2
e 16 18 2
e 17 19 2
e 18 20 2
e 19 21 2
e 20 22 2
e 21 23 2
e 22 24 2
e 23 25 2
e 24 26 2
e 25 27 2
e 26 28 2
e 27 29 2
e 28 30 2
e 29 31 2
e 30 32 2
e 31 33 2
e 32 34 2
e 33 35 2
e 34 36 2
e 35 37 2
t # 91
v 0 3
v 1 2
v 2 2
v 3 2
v 4 2
v 5 2
v 6 2
v 7 2
v 8 2
v 9 2
v 10 2
v 11 2
v 12 2
v 13 3
v 14 3
v 15 2
v 16 6
v 17 2
v 18 3
v 19 3
v 20 3
v 21 3
e 0 1 3
e 1 2 2
e 1 3 2
e 2 4 5
e 2 5 5
e 3 6 5
e 3 7 5
e 4 8 2
e 4 9 5
e 5 10 5
e 6 11 5
e 6 8 2
e 7 12 5
e 8 13 3
e 9 14 2
e 9 15 5
e 10 16 2
e 10 15 5
e 11 17 5
e 12 17 5
e 15 18 2
e 16 19 3
e 16 20 3
e 16 21 2
t # 92
v 0 2
v 1 2
v 2 2
v 3 2
v 4 2
v 5 2
v 6 2
v 7 2
v 8 2
v 9 2
v 10 2
v 11 2
v 12 2
v 13 2
v 14 2
v 15 2
v 16 2
v 17 2
v 18 2
v 19 3
v 20 3
v 21 3
e 0 1 2
e 0 2 2
e 0 3 3
e 1 4 5
e 1 5 5
e 2 6 5
e 2 7 5
e 3 8 2
e 3 9 2
e 4 10 5
e 5 11 5
e 6 12 5
e 7 13 5
e 8 14 3
e 9 15 3
e 10 16 5
e 11 16 5
e 12 17 5
e 13 17 5
e 14 18 2
e 15 18 2
e 16 19 2
e 17 20 2
e 18 21 3
t # 93
v 0 5
v 1 2
v 2 2
v 3 2
v 4 2
v 5 2
v 6 5
v 7 2
v 8 2
v 9 2
v 10 3
v 11 2
v 12 5
v 13 6
v 14 2
v 15 5
v 16 2
v 17 3
v 18 3
v 19 3
v 20 6
v 21 5
v 22 2
v 23 2
v 24 3
v 25 3
v 26 3
v 27 2
v 28 2
v 29 2
v 30 2
v 31 2
v 32 2
v 33 2
v 34 2
v 35 5
v 36 2
v 37 3
v 38 3
e 0 1 2
e 1 2 5
e 1 3 5
e 2 4 5
e 2 5 5
e 3 6 2
e 3 7 5
e 4 8 5
e 4 9 5
e 5 10 2
e 5 11 5
e 6 12 3
e 7 13 2
e 7 9 5
e 8 14 5
e 11 15 2
e 11 14 5
e 12 16 2
e 13 17 3
e 13 18 3
e 13 19 2
e 14 20 2
e 15 21 3
e 16 22 5
e 16 23 5
e 20 24 3
e 20 25 3
e 20 26 2
e 21 27 2
e 22 28 5
e 23 29 5
e 27 30 5
e 27 31 5
e 28 32 5
e 29 32 5
e 30 33 5
e 31 34 5
e 32 35 2
e 33 36 5
e 34 36 5
e 35 37 3
e 35 38 2
t # 94
v 0 5
v 1 5
v 2 2
v 3 2
v 4 2
v 5 2
v 6 2
v 7 2
v 8 2
v 9 2
v 10 3
v 11 2
v 12 2
v 13 2
v 14 2
v 15 2
v 16 6
v 17 2
v 18 2
v 19 2
v 20 3
v 21 3
v 22 3
v 23 5
v 24 6
v 25 5
v 26 3
v 27 3
v 28 3
v 29 2
v 30 2
v 31 2
v 32 2
v 33 2
v 34 2
e 0 1 3
e 0 2 2
e 1 3 2
e 2 4 5
e 2 5 5
e 3 6 5
e 3 7 5
e 4 8 5
e 4 9 5
e 5 10 2
e 5 11 5
e 6 12 5
e 7 13 5
e 8 14 5
e 8 15 5
e 9 16 2
e 9 17 5
e 11 15 5
e 12 18 5
e 13 18 5
e 14 19 5
e 16 20 3
e 16 21 3
e 16 22 2
e 17 19 5
e 18 23 2
e 19 24 2
e 23 25 3
e 24 26 3
e 24 27 3
e 24 28 2
e 25 29 2
e 29 30 5
e 29 31 5
e 30 32 5
e 31 33 5
e 32 34 5
e 33 34 5
t # 95
v 0 7
v 1 5
v 2 5
v 3 5
v 4 3
v 5 2
v 6 2
v 7 2
v 8 2
v 9 2
v 10 2
e 0 1 2
e 0 2 2
e 0 3 2
e 0 4 3
e 1 5 2
e 1 6 2
e 2 7 2
e 2 8 2
e 3 9 2
e 3 10 2
t # 96
v 0 2
v 1 5
v 2 5
v 3 5
v 4 2
v 5 2
v 6 5
v 7 5
e 0 1 2
e 0 2 2
e 0 3 3
e 1 4 2
e 2 5 2
e 4 6 4
e 5 7 4
t # 97
v 0 6
v 1 6
v 2 2
v 3 2
v 4 2
v 5 2
v 6 2
v 7 2
v 8 5
v 9 2
v 10 2
v 11 5
v 12 2
v 13 2
v 14 2
v 15 2
e 0 1 2
e 0 2 2
e 1 3 2
e 2 4 5
e 2 5 5
e 3 6 5
e 3 7 5
e 4 8 2
e 4 9 5
e 5 10 5
e 6 11 2
e 6 12 5
e 7 13 5
e 9 14 5
e 10 14 5
e 12 15 5
e 13 15 5
t # 98
v 0 2
v 1 3
v 2 3
v 3 2
v 4 2
v 5 2
v 6 3
v 7 2
v 8 2
v 9 2
v 10 3
e 0 1 3
e 0 2 2
e 0 3 2
e 3 4 5
e 3 5 5
e 4 6 2
e 4 7 5
e 5 8 5
e 7 9 5
e 8 10 2
e 8 9 5
t # 99
v 0 3
v 1 2
v 2 2
v 3 2
v 4 5
v 5 2
v 6 2
v 7 2
v 8 2
v 9 5
v 10 2
v 11 2
v 12 3
v 13 2
v 14 2
v 15 2
v 16 6
v 17 2
v 18 2
v 19 3
v 20 3
v 21 3
v 22 2
v 23 2
v 24 6
v 25 3
v 26 3
v 27 3
e 0 1 3
e 1 2 2
e 1 3 2
e 2 4 2
e 2 5 3
e 3 6 5
e 3 7 5
e 4 6 2
e 5 8 2
e 5 9 2
e 6 10 5
e 7 11 5
e 8 12 3
e 8 13 2
e 9 14 2
e 10 15 5
e 11 16 2
e 11 15 5
e 13 17 5
e 13 14 5
e 14 18 5
e 16 19 3
e 16 20 3
e 16 21 2
e 17 22 5
e 18 23 5
e 22 24 2
e 22 23 5
e 24 25 3
e 24 26 3
e 24 27 2
t # 100
v 0 2
v 1 2
v 2 2
v 3 2
v 4 2
v 5 2
v 6 2
v 7 2
v 8 2
v 9 2
v 10 2
v 11 2
v 12 2
v 13 2
v 14 2
v 15 2
v 16 2
v 17 2
v 18 2
v 19 2
v 20 5
v 21 5
v 22 5
v 23 2
v 24 2
v 25 2
v 26 2
v 27 2
v 28 2
v 29 2
e 0 1 2
e 0 2 2
e 0 3 3
e 1 4 5
e 1 5 5
e 2 6 5
e 2 7 5
e 3 8 2
e 3 9 2
e 4 10 5
e 5 11 5
e 6 12 5
e 7 13 5
e 8 14 3
e 9 15 3
e 10 16 2
e 10 17 5
e 11 17 5
e 12 18 5
e 13 18 5
e 14 19 2
e 15 19 2
e 17 20 2
e 18 21 2
e 19 22 3
e 20 23 2
e 20 24 2
e 21 25 2
e 21 26 2
e 21 27 2
e 22 28 2
e 22 29 2
t # 101
v 0 7
v 1 3
v 2 5
v 3 5
v 4 3
v 5 7
v 6 2
v 7 2
v 8 2
v 9 2
v 10 5
v 11 5
v 12 3
v 13 2
v 14 2
v 15 2
v 16 2
e 0 1 2
e 0 2 2
e 0 3 2
e 0 4 3
e 1 5 2
e 2 6 2
e 2 7 2
e 3 8 2
e 3 9 2
e 5 10 2
e 5 11 2
e 5 12 3
e 10 13 2
e 10 14 2
e 11 15 2
e 11 16 2
t # 102
v 0 3
v 1 7
v 2 2
v 3 3
v 4 3
v 5 6
v 6 5
v 7 2
v 8 2
v 9 2
v 10 2
v 11 2
v 12 2
v 13 2
v 14 2
v 15 5
v 16 2
v 17 2
v 18 2
e 0 1 2
e 0 2 2
e 1 3 2
e 1 4 2
e 1 5 3
e 2 6 5
e 2 7 5
e 3 8 2
e 4 9 2
e 6 10 5
e 7 11 5
e 8 12 2
e 9 13 2
e 10 14 2
e 10 15 5
e 11 16 2
e 11 15 5
e 14 17 2
e 14 18 2
t # 103
v 0 2
v 1 2
v 2 2
v 3 2
v 4 2
v 5 2
v 6 2
v 7 2
v 8 3
v 9 2
v 10 2
v 11 2
v 12 2
v 13 2
v 14 3
v 15 3
v 16 2
v 17 2
v 18 3
v 19 2
v 20 2
v 21 2
v 22 2
v 23 2
v 24 2
v 25 2
v 26 3
v 27 2
v 28 2
v 29 3
v 30 2
v 31 3
v 32 3
e 0 1 2
e 1 2 2
e 1 3 2
e 1 4 2
e 2 5 2
e 2 6 2
e 3 7 2
e 3 8 2
e 3 9 2
e 4 10 2
e 5 11 2
e 5 12 2
e 6 9 2
e 7 13 2
e 7 14 3
e 10 15 2
e 10 11 2
e 11 16 2
e 12 17 2
e 13 18 2
e 16 19 2
e 16 20 2
e 16 21 2
e 17 20 2
e 18 22 2
e 20 23 3
e 21 24 2
e 22 25 2
e 22 26 3
e 23 27 2
e 24 27 2
e 25 28 2
e 27 29 3
e 28 30 2
e 30 31 3
e 30 32 2
t # 104
v 0 2
v 1 2
v 2 2
v 3 2
v 4 2
v 5 2
v 6 2
v 7 2
v 8 3
v 9 2
v 10 2
v 11 3
v 12 2
v 13 2
v 14 6
v 15 2
v 16 2
v 17 2
v 18 2
v 19 3
v 20 3
v 21 2
v 22 2
v 23 2
v 24 2
v 25 2
v 26 3
e 0 1 2
e 1 2 5
e 1 3 5
e 2 4 2
e 2 5 5
e 3 6 5
e 4 7 2
e 4 8 2
e 4 9 2
e 5 10 5
e 6 11 2
e 6 10 5
e 7 12 5
e 7 13 5
e 8 14 2
e 9 15 5
e 9 16 5
e 12 17 5
e 12 14 2
e 13 18 5
e 14 19 3
e 14 20 3
e 15 21 2
e 15 22 5
e 16 23 5
e 17 24 5
e 18 24 5
e 22 25 5
e 23 25 5
e 25 26 2
t # 105
v 0 2
v 1 2
v 2 2
v 3 2
v 4 2
v 5 2
v 6 2
v 7 2
v 8 2
v 9 2
v 10 2
v 11 2
v 12 2
v 13 2
v 14 2
v 15 2
v 16 3
v 17 2
v 18 2
v 19 2
v 20 2
v 21 2
v 22 3
e 0 1 2
e 1 2 2
e 1 3 2
e 1 4 2
e 2 5 2
e 2 6 2
e 3 7 2
e 3 8 3
e 4 9 2
e 5 10 2
e 5 11 2
e 6 12 2
e 7 11 2
e 8 13 2
e 9 13 2
e 10 14 2
e 10 15 2
e 12 14 2
e 13 16 3
e 14 17 2
e 14 18 2
e 15 19 2
e 18 20 2
e 18 19 2
e 20 21 2
e 20 22 3
t # 106
v 0 3
v 1 2
v 2 2
v 3 2
v 4 2
v 5 2
v 6 3
v 7 2
v 8 2
v 9 5
v 10 2
v 11 5
v 12 2
v 13 2
v 14 2
v 15 2
v 16 2
e 0 1 2
e 0 2 2
e 2 3 5
e 2 4 5
e 3 5 5
e 4 6 2
e 4 7 5
e 5 8 5
e 5 9 2
e 6 10 2
e 7 8 5
e 8 11 2
e 9 12 2
e 11 13 3
e 12 14 2
e 12 15 3
e 13 16 2
e 13 15 2
t # 107
v 0 3
v 1 2
v 2 2
v 3 2
v 4 2
v 5 2
v 6 2
v 7 2
v 8 3
v 9 2
v 10 2
v 11 5
v 12 2
v 13 3
v 14 2
v 15 2
v 16 2
v 17 2
v 18 2
v 19 3
v 20 2
v 21 3
v 22 2
v 23 2
v 24 2
v 25 2
v 26 2
v 27 2
v 28 2
v 29 2
v 30 3
v 31 2
v 32 2
v 33 3
v 34 3
v 35 2
v 36 3
v 37 2
v 38 2
v 39 3
v 40 2
v 41 3
v 42 2
v 43 2
e 0 1 2
e 0 2 2
e 2 3 5
e 2 4 5
e 3 5 5
e 3 6 2
e 4 7 5
e 4 8 2
e 5 9 5
e 5 10 2
e 6 11 2
e 6 12 2
e 7 13 2
e 7 9 5
e 8 14 2
e 9 15 2
e 10 16 2
e 11 17 2
e 11 16 2
e 12 18 2
e 12 19 2
e 13 14 2
e 15 20 2
e 15 21 2
e 18 22 5
e 18 23 5
e 19 24 2
e 20 25 5
e 20 26 5
e 21 27 2
e 22 28 5
e 22 24 2
e 23 29 5
e 24 30 3
e 25 31 5
e 25 27 2
e 26 32 5
e 27 33 3
e 28 34 2
e 28 35 5
e 29 35 5
e 31 36 2
e 31 37 5
e 32 37 5
e 34 38 2
e 35 39 2
e 36 40 2
e 37 41 2
e 39 42 2
e 41 43 2
t # 108
v 0 7
v 1 6
v 2 5
v 3 5
v 4 5
v 5 2
v 6 2
v 7 2
v 8 2
v 9 2
v 10 2
v 11 2
v 12 2
v 13 3
e 0 1 3
e 0 2 2
e 0 3 2
e 0 4 2
e 2 5 2
e 2 6 2
e 3 7 2
e 3 8 2
e 4 9 2
e 4 10 2
e 5 6 2
e 7 8 2
e 9 11 2
e 10 12 2
e 11 13 2
e 12 13 2
t # 109
v 0 5
v 1 5
v 2 2
v 3 2
v 4 2
v 5 2
v 6 2
v 7 2
v 8 2
v 9 2
v 10 3
v 11 2
v 12 2
v 13 2
v 14 2
v 15 6
v 16 3
v 17 3
v 18 3
v 19 3
e 0 1 3
e 0 2 2
e 1 3 2
e 2 4 5
e 2 5 5
e 3 6 5
e 3 7 5
e 4 8 5
e 5 9 5
e 6 10 2
e 6 11 5
e 7 12 5
e 8 13 5
e 9 13 5
e 11 14 5
e 12 14 5
e 13 15 2
e 14 16 2
e 15 17 3
e 15 18 3
e 15 19 2
t # 110
v 0 2
v 1 2
v 2 2
v 3 2
v 4 2
v 5 2
v 6 2
v 7 2
v 8 2
v 9 2
v 10 2
v 11 2
v 12 2
v 13 2
v 14 3
v 15 3
v 16 2
v 17 2
v 18 2
v 19 2
v 20 2
v 21 3
v 22 3
v 23 2
v 24 2
v 25 2
v 26 2
v 27 2
v 28 2
v 29 2
v 30 2
v 31 2
v 32 2
v 33 2
v 34 2
v 35 2
v 36 3
v 37 2
v 38 2
v 39 2
v 40 2
v 41 2
v 42 2
v 43 5
v 44 5
v 45 2
v 46 2
v 47 2
v 48 2
v 49 2
v 50 2
v 51 2
v 52 2
e 0 1 2
e 0 2 2
e 1 3 2
e 2 4 2
e 3 5 2
e 4 6 2
e 5 7 2
e 6 8 2
e 7 9 2
e 8 10 2
e 9 11 2
e 10 12 2
e 11 13 2
e 12 14 3
e 12 15 2
e 13 16 2
e 16 17 2
e 17 18 2
e 18 19 2
e 20 21 3
e 20 22 2
e 20 23 2
e 23 24 5
e 23 25 5
e 24 26 5
e 24 27 5
e 25 28 5
e 26 29 5
e 26 30 5
e 27 31 5
e 28 31 5
e 29 32 5
e 29 33 5
e 30 34 5
e 30 35 5
e 32 36 5
e 32 37 5
e 33 38 5
e 34 39 5
e 34 36 5
e 35 40 5
e 37 41 5
e 38 41 5
e 39 42 5
e 40 42 5
e 41 43 2
e 42 44 2
e 43 45 2
e 43 46 2
e 44 47 2
e 44 48 2
e 45 49 2
e 46 50 2
e 47 51 2
e 48 52 2
t # 111
v 0 2
v 1 6
v 2 2
v 3 3
v 4 3
v 5 3
v 6 5
v 7 2
e 0 1 2
e 0 2 2
e 1 3 3
e 1 4 3
e 1 5 2
e 2 6 2
e 6 7 2
t # 112
v 0 7
v 1 6
v 2 6
v 3 6
v 4 6
v 5 2
v 6 2
v 7 2
v 8 2
v 9 2
v 10 2
v 11 2
v 12 2
v 13 2
v 14 2
v 15 2
e 0 1 2
e 0 2 2
e 0 3 2
e 0 4 3
e 1 5 2
e 2 6 2
e 3 7 2
e 5 8 2
e 5 9 2
e 9 10 5
e 9 11 5
e 10 12 5
e 11 13 5
e 12 14 5
e 13 14 5
e 14 15 2
t # 113
v 0 2
v 1 6
v 2 6
v 3 6
v 4 6
v 5 2
v 6 2
v 7 2
e 0 1 2
e 0 2 2
e 0 3 2
e 1 4 2
e 2 5 2
e 3 6 2
e 4 7 2
t # 114
v 0 3
v 1 2
v 2 2
v 3 2
v 4 5
v 5 5
v 6 2
v 7 2
v 8 2
v 9 2
v 10 2
e 0 1 2
e 1 2 2
e 1 3 2
e 2 4 2
e 3 5 2
e 4 6 2
e 4 7 2
e 5 6 3
e 6 8 2
e 7 9 3
e 8 10 3
e 9 10 2
t # 115
v 0 3
v 1 2
v 2 2
v 3 5
v 4 2
v 5 2
v 6 2
v 7 2
v 8 2
v 9 3
v 10 5
v 11 2
v 12 2
v 13 2
v 14 3
v 15 2
v 16 2
v 17 2
v 18 2
v 19 3
v 20 5
v 21 2
v 22 5
e 0 1 3
e 1 2 2
e 1 3 2
e 2 4 2
e 2 5 2
e 2 6 2
e 3 7 2
e 3 8 2
e 4 9 3
e 4 10 2
e 5 11 2
e 6 12 2
e 7 13 2
e 8 14 3
e 8 12 2
e 10 15 2
e 10 16 2
e 11 16 2
e 13 17 2
e 15 18 2
e 16 19 3
e 17 20 4
e 18 21 2
e 21 22 4
t # 116
v 0 5
v 1 2
v 2 2
v 3 5
v 4 5
v 5 2
v 6 2
v 7 2
v 8 2
v 9 2
v 10 2
v 11 5
v 12 5
v 13 5
v 14 2
v 15 14
v 16 3
v 17 3
v 18 3
e 0 1 2
e 0 2 2
e 1 3 5
e 1 4 5
e 2 5 5
e 2 6 5
e 3 7 5
e 4 8 5
e 5 9 5
e 6 10 5
e 7 11 2
e 7 12 5
e 8 13 2
e 8 12 5
e 9 14 5
e 10 14 5
e 14 15 2
e 15 16 3
e 15 17 2
e 15 18 2
t # 117
v 0 7
v 1 3
v 2 3
v 3 3
v 4 3
v 5 5
v 6 2
v 7 2
v 8 2
v 9 2
v 10 2
v 11 5
v 12 2
v 13 2
v 14 2
v 15 2
v 16 2
v 17 2
v 18 5
v 19 2
v 20 2
v 21 2
v 22 2
v 23 2
v 24 2
v 25 2
v 26 2
v 27 2
v 28 8
e 0 1 3
e 0 2 2
e 0 3 2
e 0 4 2
e 5 6 2
e 5 7 2
e 6 8 2
e 7 9 5
e 7 10 5
e 8 11 2
e 9 12 5
e 9 13 5
e 10 14 2
e 10 15 5
e 11 16 2
e 11 17 2
e 12 18 5
e 12 19 5
e 13 20 5
e 15 18 5
e 16 21 2
e 17 22 2
e 19 23 5
e 20 23 5
e 21 24 2
e 21 25 2
e 22 26 2
e 22 27 2
e 23 28 2
t # 118
v 0 3
v 1 2
v 2 2
v 3 2
v 4 2
v 5 2
v 6 2
v 7 2
v 8 3
v 9 2
v 10 2
v 11 2
v 12 2
v 13 2
v 14 2
v 15 2
e 0 1 3
e 1 2 5
e 1 3 5
e 2 4 5
e 2 5 5
e 3 6 5
e 3 7 5
e 4 8 5
e 4 9 5
e 5 10 5
e 6 11 5
e 6 8 5
e 7 12 5
e 9 13 5
e 10 14 2
e 10 13 5
e 11 15 5
e 12 15 5
t # 119
v 0 3
v 1 6
v 2 3
v 3 2
v 4 3
v 5 2
v 6 2
v 7 2
v 8 2
v 9 2
v 10 3
v 11 2
e 0 1 3
e 1 2 3
e 1 3 2
e 1 4 2
e 3 5 5
e 3 6 5
e 4 7 2
e 5 8 5
e 5 7 2
e 6 9 5
e 7 10 3
e 8 11 5
e 9 11 5
t # 120
v 0 3
v 1 2
v 2 2
v 3 5
v 4 2
v 5 2
v 6 2
v 7 2
v 8 2
v 9 2
v 10 2
v 11 2
v 12 3
v 13 2
v 14 2
v 15 2
v 16 3
v 17 2
e 0 1 3
e 1 2 2
e 1 3 2
e 2 4 5
e 2 5 5
e 3 6 2
e 3 7 2
e 4 8 5
e 4 9 5
e 5 10 5
e 6 11 2
e 7 12 3
e 7 8 2
e 8 13 5
e 9 14 5
e 9 15 5
e 10 15 5
e 11 16 2
e 13 17 5
e 14 17 5
t # 121
v 0 3
v 1 2
v 2 2
v 3 2
v 4 2
v 5 2
v 6 2
v 7 3
v 8 2
v 9 3
v 10 2
v 11 2
v 12 2
v 13 2
v 14 2
v 15 3
v 16 2
v 17 2
v 18 2
v 19 3
e 0 1 3
e 1 2 2
e 1 3 2
e 2 4 5
e 2 5 5
e 3 6 2
e 4 7 2
e 4 8 5
e 5 9 2
e 5 10 5
e 6 11 2
e 6 7 2
e 8 12 5
e 10 12 5
e 11 13 5
e 11 14 5
e 12 15 2
e 13 16 5
e 14 17 5
e 16 18 5
e 17 18 5
e 18 19 2
t # 122
v 0 3
v 1 2
v 2 2
v 3 2
v 4 2
v 5 2
v 6 2
v 7 3
v 8 2
v 9 2
v 10 3
v 11 2
e 0 1 2
e 1 2 5
e 1 3 5
e 2 4 5
e 2 5 5
e 3 6 5
e 4 7 5
e 4 8 5
e 5 9 5
e 6 10 3
e 6 7 5
e 8 11 5
e 9 11 5
t # 123
v 0 3
v 1 2
v 2 2
v 3 2
v 4 2
v 5 2
v 6 2
v 7 2
v 8 2
v 9 2
v 10 2
v 11 2
v 12 3
v 13 3
v 14 2
v 15 2
v 16 2
v 17 2
e 0 1 3
e 1 2 2
e 1 3 2
e 2 4 5
e 2 5 5
e 3 6 2
e 3 7 3
e 4 8 2
e 4 9 5
e 5 10 5
e 6 11 2
e 7 12 2
e 7 8 2
e 8 13 3
e 9 14 5
e 10 14 5
e 11 15 3
e 15 16 2
e 15 17 2
t # 124
v 0 3
v 1 2
v 2 2
v 3 2
v 4 2
v 5 3
v 6 2
v 7 2
v 8 2
v 9 2
v 10 2
v 11 2
v 12 2
v 13 2
v 14 3
v 15 2
v 16 3
v 17 2
v 18 3
v 19 2
v 20 2
v 21 3
v 22 3
e 0 1 2
e 1 2 5
e 1 3 5
e 2 4 5
e 2 5 5
e 3 6 5
e 4 7 5
e 4 8 5
e 5 9 5
e 6 10 5
e 6 9 5
e 7 11 5
e 8 12 5
e 9 13 5
e 10 14 2
e 10 15 5
e 11 16 2
e 11 17 5
e 12 18 2
e 12 17 5
e 13 19 5
e 15 19 5
e 16 20 2
e 17 21 2
e 19 22 2
t # 125
v 0 5
v 1 3
v 2 3
v 3 2
v 4 2
v 5 2
v 6 2
v 7 2
v 8 2
v 9 2
v 10 2
v 11 2
v 12 2
v 13 2
v 14 2
v 15 2
v 16 3
v 17 3
v 18 3
v 19 3
v 20 2
v 21 2
v 22 3
v 23 2
v 24 2
e 0 1 3
e 0 2 2
e 0 3 2
e 3 4 5
e 3 5 5
e 4 6 5
e 4 7 5
e 5 8 5
e 6 9 5
e 6 10 5
e 7 11 2
e 7 12 5
e 8 13 5
e 8 9 5
e 9 14 5
e 10 15 5
e 10 16 2
e 11 17 3
e 11 18 2
e 12 15 5
e 13 19 2
e 13 20 5
e 14 21 5
e 15 22 2
e 16 23 2
e 19 24 2
e 20 21 5
e 22 23 2
t # 126
v 0 2
v 1 3
v 2 3
v 3 2
v 4 2
v 5 2
v 6 2
v 7 2
v 8 3
v 9 2
v 10 5
v 11 2
v 12 5
v 13 2
v 14 2
v 15 2
v 16 2
v 17 2
v 18 2
v 19 2
v 20 2
v 21 2
v 22 2
v 23 2
v 24 2
v 25 2
v 26 2
v 27 5
v 28 3
v 29 3
v 30 5
v 31 2
v 32 2
v 33 2
v 34 2
v 35 2
v 36 2
v 37 2
v 38 2
v 39 2
v 40 2
v 41 2
v 42 2
e 0 1 3
e 0 2 2
e 0 3 2
e 3 4 2
e 3 5 2
e 4 6 5
e 4 7 5
e 5 8 3
e 5 9 2
e 6 10 5
e 6 9 2
e 7 11 2
e 7 12 5
e 9 13 3
e 10 14 5
e 11 15 2
e 11 16 2
e 12 17 5
e 13 18 2
e 13 14 2
e 14 19 5
e 15 20 2
e 16 21 2
e 16 17 2
e 17 22 5
e 19 23 5
e 20 24 2
e 22 25 5
e 23 26 5
e 23 27 5
e 24 28 3
e 24 29 2
e 25 30 5
e 25 31 5
e 26 32 2
e 26 33 5
e 27 34 5
e 30 35 5
e 31 36 2
e 31 37 5
e 32 38 2
e 33 39 2
e 33 34 5
e 34 40 5
e 35 37 5
e 35 40 5
e 37 41 2
e 41 42 3
t # 127
v 0 2
v 1 5
v 2 2
v 3 5
v 4 2
v 5 2
v 6 6
v 7 2
v 8 2
v 9 2
v 10 3
v 11 3
v 12 2
v 13 2
v 14 2
v 15 2
v 16 2
v 17 2
v 18 2
v 19 2
v 20 2
v 21 2
v 22 5
v 23 3
v 24 3
e 0 1 3
e 0 2 2
e 1 3 2
e 2 4 5
e 2 5 5
e 3 6 2
e 4 7 5
e 4 8 5
e 5 9 5
e 6 10 3
e 6 11 3
e 6 12 2
e 7 13 5
e 7 14 5
e 8 15 5
e 9 13 5
e 12 16 5
e 12 17 5
e 14 18 5
e 15 18 5
e 16 19 5
e 17 20 5
e 19 21 5
e 20 21 5
e 21 22 2
e 22 23 3
e 22 24 2
t # 128
v 0 2
v 1 2
v 2 2
v 3 2
v 4 3
v 5 2
v 6 2
v 7 2
v 8 2
v 9 2
v 10 2
e 0 1 2
e 1 2 2
e 1 3 2
e 1 4 2
e 2 5 2
e 2 6 2
e 3 7 2
e 3 4 2
e 5 8 2
e 5 9 2
e 5 10 2
e 6 10 2
e 7 10 2
t # 129
v 0 2
v 1 5
v 2 2
v 3 2
v 4 2
v 5 5
v 6 3
v 7 5
v 8 5
v 9 2
v 10 2
v 11 2
v 12 2
v 13 3
v 14 5
v 15 2
v 16 2
v 17 5
v 18 2
v 19 2
v 20 2
e 0 1 2
e 1 2 5
e 1 3 5
e 2 4 5
e 2 5 5
e 3 6 3
e 3 7 5
e 4 8 5
e 4 9 5
e 5 10 5
e 7 11 2
e 7 9 5
e 8 12 2
e 8 10 5
e 9 13 3
e 10 14 2
e 14 15 2
e 15 16 2
e 16 17 2
e 17 18 2
e 17 19 2
e 17 20 2
t # 130
v 0 2
v 1 5
v 2 2
v 3 2
v 4 2
v 5 2
v 6 2
v 7 2
v 8 2
v 9 3
v 10 2
v 11 2
v 12 2
v 13 3
v 14 2
v 15 5
v 16 2
v 17 2
v 18 2
v 19 2
e 0 1 2
e 0 2 2
e 1 3 2
e 1 4 2
e 2 5 5
e 2 6 5
e 3 7 2
e 4 8 2
e 5 9 2
e 5 10 5
e 6 11 5
e 10 12 5
e 11 13 2
e 11 12 5
e 12 14 2
e 14 15 2
e 15 16 2
e 15 17 2
e 16 18 2
e 17 19 2
t # 131
v 0 8
v 1 2
v 2 2
v 3 2
v 4 2
v 5 2
v 6 2
v 7 2
v 8 3
v 9 6
v 10 2
v 11 2
v 12 2
v 13 3
e 0 1 2
e 1 2 5
e 1 3 5
e 2 4 5
e 3 5 5
e 4 6 5
e 4 7 2
e 5 6 5
e 6 8 2
e 7 9 2
e 8 10 2
e 9 11 2
e 10 12 2
e 11 12 2
e 12 13 2
t # 132
v 0 5
v 1 5
v 2 2
v 3 2
v 4 2
v 5 2
v 6 2
v 7 2
v 8 2
v 9 2
v 10 2
v 11 2
v 12 2
v 13 2
v 14 14
v 15 3
v 16 3
v 17 3
v 18 3
e 0 1 3
e 0 2 2
e 1 3 2
e 2 4 5
e 2 5 5
e 3 6 5
e 3 7 5
e 4 8 5
e 5 9 5
e 6 10 5
e 7 11 5
e 8 12 5
e 9 12 5
e 10 13 5
e 11 13 5
e 12 14 2
e 13 15 2
e 14 16 3
e 14 17 2
e 14 18 2
t # 133
v 0 2
v 1 2
v 2 2
v 3 2
v 4 6
v 5 2
v 6 2
v 7 3
v 8 5
v 9 2
v 10 2
v 11 2
v 12 6
v 13 2
v 14 3
v 15 2
e 0 1 3
e 0 2 2
e 1 3 2
e 1 4 2
e 2 5 5
e 2 6 5
e 3 7 3
e 3 8 2
e 4 9 2
e 5 10 5
e 6 11 5
e 8 9 2
e 9 12 3
e 10 13 5
e 11 13 5
e 13 14 2
e 14 15 2
t # 134
v 0 2
v 1 3
v 2 5
v 3 2
v 4 2
v 5 2
v 6 2
v 7 2
v 8 3
v 9 2
v 10 2
v 11 2
v 12 2
v 13 2
v 14 2
v 15 2
e 0 1 3
e 0 2 2
e 0 3 2
e 2 4 2
e 2 5 2
e 3 6 5
e 3 7 5
e 4 8 3
e 4 9 2
e 5 10 2
e 6 11 5
e 7 12 5
e 9 13 2
e 10 14 2
e 11 15 5
e 12 15 5
e 13 14 2
t # 135
v 0 23
v 1 24
e 0 1 2
t # 136
v 0 7
v 1 5
v 2 5
v 3 3
v 4 2
v 5 2
v 6 2
v 7 2
v 8 2
v 9 5
v 10 2
e 0 1 2
e 0 2 2
e 0 3 3
e 0 4 2
e 4 5 5
e 4 6 5
e 5 7 5
e 6 8 5
e 7 9 2
e 7 10 5
e 8 10 5
t # 137
v 0 5
v 1 2
v 2 2
v 3 2
v 4 2
v 5 2
v 6 2
v 7 2
v 8 2
v 9 2
v 10 2
v 11 5
v 12 2
v 13 2
v 14 2
v 15 2
e 0 1 2
e 1 2 5
e 1 3 5
e 2 4 5
e 2 5 5
e 3 6 5
e 4 7 5
e 4 8 5
e 5 9 5
e 5 10 5
e 6 10 5
e 7 11 5
e 7 12 5
e 8 13 5
e 9 14 2
e 9 11 5
e 12 15 5
e 13 15 5
t # 138
v 0 3
v 1 2
v 2 2
v 3 2
v 4 2
v 5 2
v 6 2
v 7 3
v 8 2
v 9 3
v 10 2
v 11 5
v 12 2
v 13 2
v 14 2
v 15 2
v 16 2
v 17 2
v 18 3
v 19 2
v 20 3
v 21 2
v 22 5
v 23 3
v 24 2
v 25 3
v 26 2
v 27 2
v 28 2
v 29 3
v 30 2
v 31 8
v 32 2
e 0 1 2
e 1 2 2
e 1 3 2
e 1 4 2
e 2 5 2
e 2 6 2
e 3 7 2
e 3 8 3
e 4 9 3
e 4 10 2
e 5 11 2
e 5 12 2
e 6 13 2
e 8 14 2
e 8 13 2
e 10 15 2
e 10 12 3
e 11 16 2
e 11 17 2
e 12 18 2
e 13 19 2
e 14 20 3
e 14 21 2
e 15 22 2
e 15 23 3
e 19 24 2
e 19 25 2
e 19 26 2
e 21 27 5
e 21 26 5
e 26 28 5
e 27 29 2
e 27 30 5
e 28 31 2
e 28 32 5
e 30 32 5
t # 139
v 0 7
v 1 3
v 2 3
v 3 3
v 4 3
v 5 5
v 6 2
v 7 2
v 8 2
v 9 2
v 10 2
v 11 5
v 12 2
v 13 5
v 14 3
v 15 2
v 16 2
v 17 2
v 18 2
v 19 5
v 20 2
v 21 2
v 22 3
v 23 2
v 24 2
v 25 2
v 26 2
e 0 1 3
e 0 2 2
e 0 3 2
e 0 4 2
e 5 6 2
e 5 7 2
e 6 8 2
e 7 9 5
e 7 10 5
e 8 11 2
e 9 12 5
e 9 13 5
e 10 14 2
e 10 15 5
e 11 16 2
e 11 17 2
e 12 18 5
e 12 19 5
e 13 20 5
e 14 21 2
e 15 22 2
e 15 18 5
e 16 23 2
e 17 24 2
e 19 25 5
e 20 25 5
e 22 26 2
